elapsed_time,nproc,cpu,mem_real,mem_virtual
4.220008850097656e-05,1,0.0,8.98046875,3185.9921875
1.006084680557251,2,25.8,61.6328125,167.33984375
2.0137252807617188,4,11.9,743.109375,2489.46875
3.021165370941162,7,101.2,970.0078125,3911.03125
4.029629945755005,3,99.2,632.05859375,2159.90625
5.037424802780151,3,99.3,709.17578125,2159.90625
6.044728517532349,4,112.0,932.19140625,2755.66015625
7.053515672683716,4,3.0,424.109375,2010.73828125
8.061835527420044,3,1.0,216.109375,1565.921875
9.06991696357727,3,2.0,342.65234375,1691.62109375
10.077555179595947,10,4.0,1072.00390625,4383.6015625
11.086747884750366,5,105.2,664.609375,2536.9296875
12.094308853149414,4,3.0,253.3515625,2934.87890625
13.102930068969727,1,94.2,50.828125,648.5859375
14.110211849212646,1,100.3,50.828125,648.5859375
15.11758542060852,1,284.9,436.3828125,4279.54296875
16.12659978866577,1,173.4,531.59765625,6015.63671875
17.1349618434906,1,1963.7,1950.359375,9359.60546875
18.173970937728882,1,3194.3,4646.27734375,11255.60546875
19.18297028541565,1,4237.8,6353.0703125,16564.10546875
20.202972173690796,1,4661.6,9603.2265625,20161.10546875
21.216312646865845,1,4206.4,8925.41796875,20175.10546875
22.225184679031372,1,3444.7,9359.8671875,20175.10546875
23.23545002937317,1,3061.0,9611.03515625,20239.10546875
24.245742321014404,1,2612.3,10595.80859375,20319.10546875
25.252968311309814,1,1857.5,10735.609375,20319.10546875
26.271515369415283,1,2798.8,10951.82421875,20319.10546875
27.279961347579956,1,1285.2,2662.171875,20319.10546875
28.323967695236206,1,3572.1,4661.85546875,20319.10546875
29.34297466278076,1,4331.5,6034.78125,20419.10546875
30.36296796798706,1,4636.4,9290.44921875,21056.10546875
31.38581919670105,1,4353.7,8859.9375,21056.10546875
32.40696883201599,1,3535.1,9285.8671875,21056.10546875
33.429174184799194,1,3371.2,9418.12109375,21056.10546875
34.43995976448059,1,2647.6,10315.19140625,21056.10546875
35.45396113395691,1,2002.9,10410.96484375,21056.10546875
36.47188639640808,1,2684.8,10589.46484375,21056.10546875
37.48396110534668,1,1390.1,2422.328125,21056.10546875
38.52896451950073,1,3561.9,4458.171875,21056.10546875
39.54206109046936,1,4312.4,5959.3125,21056.10546875
40.56196641921997,1,4664.3,9472.58203125,21228.10546875
41.58196258544922,1,4138.4,8837.73046875,21228.10546875
42.599966287612915,1,3540.1,9193.89453125,21228.10546875
43.624963998794556,1,3389.3,9351.30859375,21228.10546875
44.638328552246094,1,2753.9,10267.48828125,21228.10546875
45.646424770355225,1,1879.0,10444.87890625,21228.10546875
46.66144156455994,1,2809.9,10604.28515625,21228.10546875
47.66863560676575,1,1249.9,2426.40234375,21228.10546875
48.71196508407593,1,3593.4,4464.94140625,21228.10546875
49.7299747467041,1,4342.6,5977.84765625,21253.10546875
50.749964475631714,1,4661.1,9451.5390625,21349.10546875
51.76996326446533,1,4325.6,8883.734375,21367.10546875
52.78795409202576,1,3491.1,9194.94921875,21367.10546875
53.81360173225403,1,3361.8,9402.640625,21367.10546875
54.82654571533203,1,2661.3,10342.3984375,21367.10546875
55.83695912361145,1,1983.6,10451.44921875,21367.10546875
56.851685523986816,1,2712.7,10596.16796875,21367.10546875
57.864248275756836,1,1338.2,2397.71484375,21367.10546875
58.91714406013489,1,3595.2,4478.78515625,21367.10546875
59.931992053985596,1,4320.3,5830.1328125,21367.10546875
60.97596716880798,1,4662.5,9208.890625,21497.10546875
61.995965242385864,1,4310.8,8763.34765625,21497.10546875
63.01496934890747,1,3493.6,9181.2734375,21497.10546875
64.03924942016602,1,3433.5,9353.91015625,21497.10546875
65.05296325683594,1,2663.6,10312.515625,21497.10546875
66.06845140457153,1,1992.2,10439.11328125,21497.10546875
67.07896542549133,1,2670.9,10636.6953125,21497.10546875
68.09396243095398,1,1351.6,2432.57421875,21497.10546875
69.14296245574951,1,3572.2,4494.30078125,21497.10546875
70.1579658985138,1,4316.2,5900.875,21497.10546875
71.17673349380493,1,4661.5,9648.35546875,21575.10546875
72.20040726661682,1,4314.0,8830.53125,21587.10546875
73.2189679145813,1,3557.9,9310.25390625,21587.10546875
74.2443573474884,1,3449.4,9470.44921875,21587.10546875
75.25475740432739,1,2693.1,10378.71484375,21587.10546875
76.26196241378784,1,2043.2,10510.78515625,21587.10546875
77.27196264266968,1,2653.4,10655.32421875,21587.10546875
78.27897000312805,1,1312.7,2480.4296875,21587.10546875
79.32279515266418,1,3587.0,4526.51953125,21587.10546875
80.33497500419617,1,4336.9,6166.21484375,21587.10546875
81.35497283935547,1,4626.6,9043.38671875,21713.10546875
82.36796402931213,1,4312.2,8921.953125,21713.10546875
83.3879702091217,1,3548.9,9343.22265625,21713.10546875
84.42395853996277,1,3450.0,9491.390625,21713.10546875
85.43396019935608,1,2521.8,10410.62890625,21713.10546875
86.44744992256165,1,2102.6,10426.578125,21713.10546875
87.4567482471466,1,2615.7,10763.3046875,21713.10546875
88.46595621109009,1,1400.1,2452.48046875,21713.10546875
89.48249936103821,1,3560.0,4521.87890625,21713.10546875
90.49276733398438,1,4319.3,6081.50390625,21713.10546875
91.51510453224182,1,4651.3,9039.62109375,21813.10546875
92.52695870399475,1,4188.6,8844.02734375,21813.10546875
93.54396414756775,1,3506.3,9278.75,21813.10546875
94.56296610832214,1,3335.6,9343.328125,21813.10546875
95.577956199646,1,2840.5,10358.3515625,21813.10546875
96.58695673942566,1,1909.8,10508.12109375,21813.10546875
97.60031056404114,1,2807.6,10759.7109375,21813.10546875
98.61110281944275,1,1197.1,2546.453125,21813.10546875
99.61996603012085,1,3502.7,4468.1171875,21813.10546875
100.63596534729004,1,4330.7,5803.34375,21813.10546875
101.65496492385864,1,4653.5,9401.75,21885.10546875
102.67735075950623,1,4226.6,8921.3359375,21885.10546875
103.69466543197632,1,3595.2,9257.5859375,21885.10546875
104.7028534412384,1,3352.0,9330.48828125,21885.10546875
105.71396112442017,1,2942.3,10485.26171875,21885.10546875
106.7268750667572,1,1874.8,10301.91015625,21885.10546875
107.73636078834534,1,2949.7,10698.44921875,21885.10546875
108.74596810340881,1,1008.4,2546.23828125,21885.10546875
109.77497267723083,1,3553.0,4103.41015625,21885.10546875
110.82412815093994,1,4352.4,5772.45703125,21885.10546875
111.84496259689331,1,4658.8,9390.1875,21911.10546875
112.8579511642456,1,4032.7,8840.9921875,21911.10546875
113.87605118751526,1,3675.0,9222.46875,21911.10546875
114.88442635536194,1,3231.4,9380.109375,21911.10546875
115.8941855430603,1,2951.2,10453.2578125,21911.10546875
116.91136384010315,1,1834.5,10297.8984375,21911.10546875
117.92137312889099,1,3111.4,10694.48046875,21911.10546875
118.93195962905884,1,850.1,2554.65625,22007.10546875
119.96396684646606,1,3546.5,3948.5390625,22007.10546875
120.97896242141724,1,4325.3,5535.5703125,22007.10546875
121.9899652004242,1,4655.7,9273.40625,22007.10546875
123.00996446609497,1,4098.0,8950.9921875,22051.10546875
124.02788496017456,1,3962.7,9132.73046875,22051.10546875
125.03569173812866,1,2856.9,9302.7109375,22051.10546875
126.04304838180542,1,3176.6,10501.54296875,22051.10546875
127.05200290679932,1,1831.4,10313.6171875,22051.10546875
128.05931735038757,1,3265.6,10690.41015625,22051.10546875
129.0654900074005,1,603.2,2515.18359375,22051.10546875
130.07350611686707,1,3330.8,3784.84765625,22051.10546875
131.083970785141,1,4355.4,5525.9765625,22051.10546875
132.10197734832764,1,4618.3,8950.0703125,22077.10546875
133.1215944290161,1,4307.1,8799.07421875,22121.10546875
134.13109683990479,1,4110.9,9149.33984375,22121.10546875
135.13806915283203,1,2946.2,9350.1015625,22121.10546875
136.14709496498108,1,3199.0,10429.66796875,22121.10546875
137.1551854610443,1,1787.8,10282.80078125,22121.10546875
138.16239166259766,1,3262.0,10696.5,22121.10546875
139.1700780391693,1,649.0,2355.46484375,22121.10546875
140.17868518829346,1,3302.5,3554.984375,22121.10546875
141.1869614124298,1,4156.1,5506.28515625,22121.10546875
142.2049720287323,1,4609.7,8621.8984375,22181.10546875
143.2291395664215,1,4268.0,8690.46484375,22195.10546875
144.24328708648682,1,4152.5,9148.34375,22195.10546875
145.25296425819397,1,2779.1,9409.05859375,22195.10546875
146.29244208335876,1,3361.5,10399.84765625,22195.10546875
147.3013858795166,1,1785.0,10389.72265625,22195.10546875
148.3085732460022,1,3347.0,10676.6484375,22195.10546875
149.31574606895447,1,649.3,2177.64453125,22195.10546875
150.32397317886353,1,3520.7,3840.21875,22195.10546875
151.3459792137146,1,4476.4,6357.6875,22195.10546875
152.36596536636353,1,4435.6,6624.40234375,22195.10546875
153.38496708869934,1,3234.4,6842.41796875,22195.10546875
154.40696334838867,1,3025.6,7444.98828125,22195.10546875
155.42161965370178,1,2898.5,7399.1328125,22195.10546875
156.43204259872437,1,1043.0,1764.875,22195.10546875
157.44001412391663,1,102.2,1670.71875,22195.10546875
158.4469611644745,1,296.9,1689.77734375,22195.1171875
159.4539623260498,1,1451.0,4686.59375,27315.171875
160.46296501159668,1,1326.1,2049.96875,28339.15234375
161.47106528282166,1,3557.7,3829.86328125,28339.15234375
162.49163675308228,1,4232.4,5466.55859375,28629.15234375
163.4982340335846,1,2723.1,5852.8984375,28741.15234375
164.50472259521484,1,2245.0,3418.8515625,30789.16796875
165.51311564445496,1,2313.0,4518.234375,28741.15234375
166.5223617553711,1,4395.1,5615.40234375,28979.15234375
167.53355598449707,1,3680.8,6618.5703125,28979.15234375
168.55277919769287,1,3291.8,7076.8203125,28979.15234375
169.56328558921814,1,2627.3,7445.4765625,28979.15234375
170.57192969322205,1,3278.6,7504.36328125,28979.15234375
171.5819616317749,1,2913.8,2337.9609375,26931.12109375
172.60095953941345,1,4589.8,2238.35546875,26931.12109375
173.61896061897278,1,4109.0,2273.7109375,26931.12109375
174.6369595527649,1,4657.2,2223.2890625,26931.12109375
175.65519666671753,1,4047.7,2851.921875,31027.16796875
176.66296124458313,1,2741.0,2469.38671875,32051.24609375
177.68101930618286,1,4661.8,2495.84375,32051.24609375
178.69914960861206,1,3848.8,3244.08203125,35123.23046875
179.70802354812622,1,2371.2,3956.49609375,33095.21484375
180.7209677696228,1,4414.7,6466.703125,33369.21484375
181.73910450935364,1,3465.9,6644.41796875,33369.21484375
182.748432636261,1,2798.1,6931.46875,33369.21484375
183.7587764263153,1,1504.5,3964.65234375,33497.21484375
184.7659740447998,1,3930.4,5862.87109375,33609.21484375
185.78597617149353,1,4241.2,6545.328125,33867.21484375
186.7964985370636,1,2824.2,6756.71484375,33867.21484375
187.8062059879303,1,2066.0,4508.08984375,35915.23046875
188.81496238708496,1,2776.1,4706.4296875,33867.21484375
189.8329632282257,1,4479.3,6619.9921875,34079.21484375
190.85696148872375,1,3522.5,6815.875,34079.21484375
191.86863565444946,1,2729.2,6906.53515625,34079.21484375
192.87596130371094,1,1489.9,3914.59375,34079.21484375
193.90709137916565,1,4083.9,6588.546875,34243.21484375
194.9183554649353,1,3938.6,6551.34375,34243.21484375
195.9264509677887,1,2697.4,6742.2109375,34243.21484375
196.93292546272278,1,1873.8,5184.5703125,36291.23046875
197.94496488571167,1,3245.9,4745.75,34243.21484375
198.96396350860596,1,4475.0,6508.6875,34263.21484375
199.98395991325378,1,3382.4,6902.69140625,34263.21484375
200.9927785396576,1,2541.6,6871.6171875,34263.21484375
201.99929761886597,1,1770.2,3925.76171875,34263.21484375
203.0077121257782,1,4156.3,6450.40234375,34403.21484375
204.01935291290283,1,3815.7,6687.48828125,34403.21484375
205.0279586315155,1,2639.4,6796.98828125,34403.21484375
206.03684329986572,1,1765.4,3645.38671875,34403.21484375
207.04665851593018,1,3539.2,4928.796875,34403.21484375
208.07640099525452,1,4486.3,6652.47265625,34427.21484375
209.09096312522888,1,3174.0,6940.51171875,34427.21484375
210.0979733467102,1,2434.9,6866.33203125,34427.21484375
211.1049609184265,1,1820.2,4436.24609375,34427.21484375
212.11653780937195,1,4475.2,6122.56640625,34447.21484375
213.12933611869812,1,3570.5,6644.515625,34447.21484375
214.1389045715332,1,2774.3,6853.44140625,34447.21484375
215.14885258674622,1,1694.2,3636.65234375,34447.21484375
216.15797424316406,1,3722.8,5227.8515625,34447.21484375
217.1775679588318,1,4275.5,6591.546875,34471.21484375
218.18763828277588,1,3115.7,6813.6328125,34471.21484375
219.19538617134094,1,2362.3,3691.18359375,36519.23046875
220.20304560661316,1,2138.8,4573.96875,34471.21484375
221.2159342765808,1,4464.5,6441.703125,34491.21484375
222.22718620300293,1,3480.9,6661.8203125,34491.21484375
223.23996996879578,1,2897.9,6807.76171875,34491.21484375
224.25004601478577,1,1481.2,3629.31640625,34491.21484375
225.2583293914795,1,3841.7,5434.23046875,34491.21484375
226.2819263935089,1,4222.4,6595.5703125,34515.21484375
227.2953794002533,1,2923.0,6838.08984375,34515.21484375
228.3028380870819,1,2254.8,4053.64453125,36563.23046875
229.31068015098572,1,2339.0,4767.5703125,34515.21484375
230.3214602470398,1,4472.8,6634.27734375,34563.21484375
231.3312919139862,1,3501.6,6733.26953125,34563.21484375
232.34349846839905,1,2884.7,6868.921875,34563.21484375
233.35364174842834,1,1395.9,3745.60546875,34563.21484375
234.36297369003296,1,3914.1,5716.8828125,34563.21484375
235.40097379684448,1,4188.1,6614.49609375,34587.21484375
236.4170184135437,1,2849.5,6830.85546875,34587.21484375
237.42380690574646,1,2106.3,4484.296875,36635.23046875
238.431964635849,1,2567.4,4879.07421875,34587.21484375
239.45206928253174,1,4480.9,6562.81640625,34671.21484375
240.4659125804901,1,3480.8,6692.7109375,34671.21484375
241.4759657382965,1,2900.9,6787.62109375,34671.21484375
242.4846601486206,1,1282.9,3842.46484375,34671.21484375
243.49373030662537,1,2857.0,5264.0625,34671.21484375
244.50496292114258,1,3902.3,8595.9765625,34671.21484375
245.52397060394287,1,4488.3,10061.99609375,39791.21484375
246.5486023426056,1,4554.6,10455.70703125,39815.21484375
247.56897687911987,1,4170.3,11559.0390625,39815.21484375
248.5799708366394,1,3257.3,11718.51171875,39815.21484375
249.59919548034668,1,3062.8,11908.28515625,39815.21484375
250.60905241966248,1,3483.3,12855.23046875,39975.21484375
251.6186559200287,1,3868.9,13966.69140625,39975.21484375
252.62761545181274,1,1865.3,14068.74609375,39975.21484375
253.63596558570862,1,3632.5,14282.90234375,39975.21484375
254.6459641456604,1,2693.0,14524.8671875,39975.21484375
255.65639185905457,1,784.8,3092.74609375,39975.21484375
256.66495966911316,1,3342.9,3882.4296875,39975.21484375
257.6859622001648,1,3585.1,8232.87890625,39975.21484375
258.69497442245483,1,4488.1,9651.3984375,39975.21484375
259.7199914455414,1,4516.9,9857.72265625,39975.21484375
260.7557575702667,1,4348.7,11714.27734375,39975.21484375
261.7780764102936,1,3262.3,11981.85546875,39975.21484375
262.7978186607361,1,3035.1,12174.38671875,39975.21484375
263.80953311920166,1,3891.4,13254.1015625,39975.21484375
264.81948041915894,1,3755.6,14330.33203125,39975.21484375
265.82745146751404,1,1607.0,14346.15234375,39975.21484375
266.8350946903229,1,3618.7,14519.78515625,39975.21484375
267.84596252441406,1,2716.6,14768.5546875,39975.21484375
268.85210847854614,1,781.2,3312.0234375,39975.21484375
269.860960483551,1,3345.1,4030.77734375,39975.21484375
270.8758194446564,1,3593.9,8330.33984375,39975.21484375
271.88196992874146,1,4456.0,9728.78515625,39975.21484375
272.9079830646515,1,4540.0,10158.2890625,39975.21484375
273.9199697971344,1,4303.4,11632.2265625,39975.21484375
274.93297004699707,1,3268.6,11918.2421875,39975.21484375
275.9521930217743,1,2877.7,12042.40234375,39975.21484375
276.96059560775757,1,4076.9,13119.90234375,39975.21484375
277.9724266529083,1,3517.4,14162.5234375,39975.21484375
278.9796278476715,1,1603.4,14163.7890625,39975.21484375
279.9878399372101,1,3892.9,14344.375,39975.21484375
281.00098037719727,1,2409.1,14666.22265625,39975.21484375
282.0083727836609,1,945.1,3241.296875,39975.21484375
283.0169141292572,1,3128.7,4384.65625,39975.21484375
284.0249619483948,1,3891.3,8406.46875,39975.21484375
285.0429730415344,1,4551.3,10153.7109375,39975.21484375
286.06835746765137,1,4494.4,10398.15234375,39975.21484375
287.0800416469574,1,4270.9,11840.984375,39975.21484375
288.0889689922333,1,3304.6,12079.99609375,39975.21484375
289.10841703414917,1,2886.9,12248.90234375,39975.21484375
290.1188654899597,1,4326.9,13434.59375,39975.21484375
291.12895607948303,1,3336.4,14404.578125,39975.21484375
292.1379041671753,1,1528.3,14330.875,39975.21484375
293.1459605693817,1,4160.5,14563.93359375,39975.21484375
294.15503191947937,1,2113.9,14756.05859375,39975.21484375
295.1621468067169,1,1146.8,3417.06640625,39975.21484375
296.1711308956146,1,3545.1,6298.40625,39975.21484375
297.1809649467468,1,4332.1,7995.6796875,39975.21484375
298.1995129585266,1,4462.4,9362.66015625,39975.21484375
299.20997309684753,1,3829.9,10002.12890625,39975.21484375
300.23097491264343,1,3176.1,10261.6015625,39975.21484375
301.23896837234497,1,3819.7,11040.62109375,39975.21484375
302.24868512153625,1,3211.8,12053.6875,39975.21484375
303.2579629421234,1,2226.3,12112.80859375,39975.21484375
304.26798033714294,1,3728.3,12324.6640625,39975.21484375
305.27576446533203,1,670.8,4388.9609375,42023.23046875
306.28497290611267,1,2580.5,4918.1171875,39975.21484375
307.29897475242615,1,4319.5,6834.49609375,39975.21484375
308.3174378871918,1,4439.5,9369.5390625,39995.21484375
309.3260700702667,1,3770.7,9713.44140625,39995.21484375
310.34200167655945,1,2871.4,9998.7578125,39995.21484375
311.3529622554779,1,4178.3,11227.23046875,39995.21484375
312.37092566490173,1,2130.8,11440.9375,39995.21484375
313.37927508354187,1,3906.2,11368.94921875,39995.21484375
314.3895082473755,1,1304.5,3986.23046875,42043.23046875
315.3976767063141,1,2581.2,5015.79296875,39995.21484375
316.40890860557556,1,4377.8,6731.17578125,39995.21484375
317.4209671020508,1,3333.8,7320.91796875,39995.21484375
318.44096183776855,1,3751.1,7973.49609375,39995.21484375
319.45996499061584,1,2570.1,8392.1796875,39995.21484375
320.4721269607544,1,2951.8,8418.71875,39995.21484375
321.4796004295349,1,1667.7,4100.48046875,39995.21484375
322.49089074134827,1,4412.0,6695.9296875,39995.21484375
323.50197768211365,1,3844.3,7234.4921875,39995.21484375
324.51448822021484,1,3429.3,7737.5859375,39995.21484375
325.52493619918823,1,2832.0,8200.140625,39995.21484375
326.53672885894775,1,3401.9,8389.59375,39995.21484375
327.5443186759949,1,1156.3,1467.26953125,32315.02734375
