filename,num_segments,app_proof_cells,app_proof_cols,total_proof_time_ms,app_proof_time_ms,app_execute_preflight_time_ms,app_execute_metered_time_ms,app_trace_gen_time_ms,leaf_proof_time_ms,inner_recursion_proof_time_ms,normal_instruction_ratio,openvm_precompile_ratio,powdr_ratio,powdr_rows
reth/apc000.json,26,20143287760,215645,580045,225622,6682,935,31719,225248,129175,0.6104427377747991,0.38955726222520093,0.0,0
reth/apc003.json,24,17601773298,210574,531876,196502,8018,915,36565,218113,117261,0.5328070194532964,0.42206136167224256,0.045131618874460974,5655364
reth/apc010.json,23,16411811294,222325,517362,185565,8828,915,38494,216013,115784,0.47853121799366455,0.45257990303090306,0.06888887897543236,7794390
reth/apc030.json,22,16233249320,235476,533147,185471,9385,915,40546,235885,111791,0.4579719248715389,0.4579073780898475,0.08412069703861358,10518898
reth/apc100.json,20,14804333355,359163,612146,171198,11202,907,48559,337601,103347,0.34416159835249804,0.5162493529922273,0.13958904865527463,13999410

