elapsed_time,nproc,cpu,mem_real,mem_virtual
4.315376281738281e-05,1,0.0,8.13671875,3185.3671875
1.0058705806732178,2,29.8,60.06640625,172.6796875
2.0130257606506348,4,12.9,498.09765625,2105.5078125
3.02180552482605,4,200.4,779.5390625,2544.24609375
4.029918193817139,8,101.2,1042.43359375,3287.23046875
5.038418292999268,3,100.3,670.19140625,2100.9375
6.045384168624878,3,98.3,749.7109375,2212.9375
7.052371025085449,4,305.8,785.96484375,2974.0625
8.059592247009277,3,2.0,299.8046875,1606.82421875
9.066813230514526,3,2.0,229.99609375,1521.32421875
10.073853015899658,3,0.0,356.25390625,1643.2109375
11.080995321273804,7,6.0,877.8203125,3374.75
12.08780026435852,6,103.3,764.828125,2930.05078125
13.095054626464844,2,1.0,34.4140625,3240.45703125
14.10405421257019,1,85.2,279.3046875,1262.5625
15.1125648021698,1,99.2,543.30078125,1902.5625
16.119306325912476,1,101.3,793.296875,3188.5625
17.126166105270386,1,99.3,805.9375,2676.53125
18.134337663650513,1,99.2,805.9375,2676.53125
19.141640663146973,1,1163.6,569.1328125,6658.51171875
20.159873008728027,1,4215.1,500.69921875,6680.51171875
21.175644874572754,1,3922.2,574.84765625,6710.51171875
22.19375205039978,1,2687.3,760.6171875,7266.54296875
23.213642358779907,1,3256.3,1658.6640625,7266.54296875
24.231839895248413,1,4781.3,1658.6640625,7266.54296875
25.247647285461426,1,3925.7,1406.7109375,7274.54296875
26.266088724136353,1,3620.8,808.4921875,8298.60546875
27.27325940132141,1,99.3,1120.50390625,8298.58203125
28.280457973480225,1,2359.0,3052.80078125,9382.57421875
29.328063249588013,1,4225.7,5668.21484375,13744.57421875
30.336646556854248,1,2651.6,11098.484375,25586.57421875
31.355069398880005,1,4176.6,11596.4765625,25586.57421875
32.36464977264404,1,4402.2,11986.8671875,25586.57421875
33.38464283943176,1,4777.8,11972.15234375,25586.57421875
34.40279674530029,1,4780.2,11972.15234375,25586.57421875
35.42263650894165,1,4784.1,11960.39453125,25586.57421875
36.44136047363281,1,4777.5,11960.39453125,25586.57421875
37.46109080314636,1,4779.5,11960.39453125,25586.57421875
38.4809832572937,1,4086.8,12472.43359375,25586.57421875
39.49664354324341,1,4138.2,11052.41015625,25586.57421875
40.50565505027771,1,4686.3,14558.0234375,31162.57421875
41.52661061286926,1,310.5,22556.23828125,41602.57421875
42.53452682495117,1,1974.4,22494.328125,62082.57421875
43.54167413711548,1,100.3,29574.328125,62082.57421875
44.54926156997681,1,102.2,35746.5625,62082.57421875
45.55641055107117,1,104.2,35604.109375,62082.57421875
46.5635027885437,1,104.3,35353.83984375,62082.57421875
47.57016968727112,1,102.3,35059.04296875,62082.57421875
48.57699799537659,1,104.3,34699.5546875,62082.57421875
49.58516025543213,1,102.2,34448.08984375,62082.57421875
50.5919303894043,1,100.3,34283.3515625,62082.57421875
51.598565101623535,1,100.3,34103.52734375,62082.57421875
52.605324268341064,1,100.3,33955.1796875,62082.57421875
53.61186099052429,1,2294.9,34141.44140625,62082.57421875
54.62264633178711,1,2351.9,35341.85546875,62082.57421875
55.64692974090576,1,2528.6,34325.20703125,62082.57421875
56.656643867492676,1,1236.0,36873.33984375,62082.57421875
57.681472301483154,1,2029.2,38305.6875,62082.57421875
58.68953466415405,1,2625.9,35344.99609375,62082.57421875
59.69658279418945,1,555.1,36909.6953125,86658.57421875
60.704641819000244,1,1014.1,39802.33984375,86658.57421875
61.723063945770264,1,4330.7,41184.2578125,86658.57421875
62.73067879676819,1,224.3,38933.0703125,86658.57421875
63.73807764053345,1,2482.9,36823.78515625,86658.57421875
64.75111150741577,1,2130.9,36398.59375,86658.57421875
65.75867795944214,1,103.2,39109.8828125,86658.57421875
66.7659068107605,1,104.2,41781.46484375,86658.57421875
67.77364540100098,1,2513.8,45024.19921875,86658.57421875
68.79472208023071,1,4777.8,44755.4296875,86658.57421875
69.81413006782532,1,2034.0,49151.98046875,86718.57421875
70.82120847702026,1,103.3,50487.2734375,86718.57421875
71.82864737510681,1,1961.7,41095.93359375,86718.57421875
72.84853672981262,1,2528.3,42395.21484375,86718.57421875
73.85764360427856,1,1934.6,38389.44140625,86718.57421875
74.87650942802429,1,1809.9,36367.3046875,86718.57421875
75.89649772644043,1,3377.3,19177.51171875,86718.57421875
76.91764402389526,1,4776.2,18843.578125,86718.57421875
77.93765163421631,1,4775.6,18535.625,86718.57421875
78.95664238929749,1,4772.4,18298.09375,86718.57421875
79.9766538143158,1,4768.3,18162.9140625,86718.57421875
80.99765181541443,1,3168.5,20900.8203125,86718.57421875
82.01865363121033,1,2619.0,20540.28125,86718.57421875
83.03207278251648,1,2463.2,20058.19921875,86718.57421875
84.03864240646362,1,4589.7,11977.69140625,86718.57421875
85.05687808990479,1,3235.9,13424.90234375,86718.57421875
86.06690073013306,1,3094.7,11337.01953125,86718.57421875
87.07464265823364,1,3867.5,11651.51953125,86718.57421875
88.09364295005798,1,4221.8,10986.5859375,86718.57421875
89.10414624214172,1,1682.3,10640.2578125,86718.57421875
90.11325025558472,1,4195.8,10008.859375,86718.57421875
91.12156224250793,1,2422.5,2892.59765625,86718.57421875
92.12964391708374,1,3831.4,3409.984375,86718.57421875
93.16904306411743,1,3018.8,9162.95703125,86718.57421875
94.17765164375305,1,3852.4,11193.703125,86718.57421875
95.19664216041565,1,3836.2,12075.9453125,86718.57421875
96.21494913101196,1,4780.8,12008.5078125,86718.57421875
97.23163676261902,1,4783.2,12008.13671875,86718.57421875
98.2497205734253,1,4782.6,12006.37890625,86718.57421875
99.26636672019958,1,4774.4,12002.54296875,86718.57421875
100.28603720664978,1,4782.9,12002.54296875,86718.57421875
101.30584478378296,1,4385.4,12233.2421875,86718.57421875
102.31464385986328,1,4187.6,11745.25,86718.57421875
103.3333089351654,1,4420.1,10576.32421875,86718.57421875
104.35891890525818,1,3670.9,16281.08984375,87078.57421875
105.36744379997253,1,1066.1,22977.09375,87078.57421875
106.3801965713501,1,967.6,24435.3359375,87078.57421875
107.38882780075073,1,103.1,31374.0,87078.57421875
108.39740180969238,1,104.1,36361.515625,87078.57421875
109.40914011001587,1,104.8,36133.63671875,87078.57421875
110.41639566421509,1,104.2,35832.7265625,87078.57421875
111.42341637611389,1,104.3,35484.9609375,87078.57421875
112.43028998374939,1,104.3,35189.69921875,87078.57421875
113.43709063529968,1,103.3,34872.46484375,87078.57421875
114.44503140449524,1,101.2,34614.5546875,87078.57421875
115.45237350463867,1,100.3,34379.93359375,87078.57421875
116.45989680290222,1,101.2,34134.90625,87078.57421875
117.4726402759552,1,2387.8,34698.9765625,87078.57421875
118.49105310440063,1,2806.4,35342.01953125,87078.57421875
119.50539541244507,1,1885.6,34948.53125,87078.57421875
120.51364135742188,1,2113.9,36851.234375,87078.57421875
121.53264331817627,1,1378.8,36162.9140625,87078.57421875
122.55105495452881,1,2646.9,35274.41015625,87078.57421875
123.55795240402222,1,102.3,37557.640625,87078.57421875
124.5656406879425,1,2532.9,39848.59765625,87078.57421875
125.5840516090393,1,2678.3,42049.3046875,87078.57421875
126.59264802932739,1,1844.3,38040.0859375,87078.57421875
127.61264395713806,1,1864.8,36181.68359375,87078.57421875
128.63151693344116,1,1111.8,37596.37890625,87078.57421875
129.63952445983887,1,104.2,40239.3203125,87078.57421875
130.64768314361572,1,103.2,42944.44140625,87078.57421875
131.65564632415771,1,4458.9,44952.94921875,87078.57421875
132.6746470928192,1,4762.6,48076.8359375,87078.57421875
133.68798732757568,1,125.8,49929.4453125,87078.57421875
134.69503569602966,1,318.7,42721.390625,87078.57421875
135.70364594459534,1,3742.3,41365.62890625,87078.57421875
136.71966552734375,1,576.7,39223.12890625,87078.57421875
137.73931074142456,1,2319.4,37745.87109375,87078.57421875
138.74702143669128,1,2391.7,19975.72265625,87078.57421875
139.754652261734,1,4424.5,19101.3984375,87078.57421875
140.77464389801025,1,4776.8,18756.08203125,87078.57421875
141.79564237594604,1,4778.8,18517.96484375,87078.57421875
142.8154604434967,1,4779.3,18348.6015625,87078.57421875
143.836270570755,1,4069.6,21072.078125,87078.57421875
144.84384059906006,1,2939.8,21014.2734375,87078.57421875
145.85110712051392,1,2142.7,20437.35546875,87078.57421875
146.8585569858551,1,3334.0,11714.98046875,87078.57421875
147.8782296180725,1,4120.9,12068.1640625,87078.57421875
148.8980119228363,1,3497.1,13176.2578125,87078.57421875
149.90764331817627,1,2894.8,11268.4921875,87078.57421875
150.92598056793213,1,4045.8,11686.07421875,87078.57421875
151.93564224243164,1,3752.7,10502.06640625,87078.57421875
152.95664501190186,1,1769.8,10731.96484375,87078.57421875
153.975168466568,1,4014.6,10178.69140625,87078.57421875
154.9919843673706,1,2221.3,3364.5703125,87078.57421875
155.99964666366577,1,4445.3,3310.25,87078.57421875
157.050598859787,1,2899.9,9437.9375,87078.57421875
158.05966472625732,1,3996.9,11146.875,87078.57421875
159.08564281463623,1,3834.1,12026.4453125,87078.57421875
160.10463643074036,1,4779.3,12000.34765625,87078.57421875
161.12311434745789,1,4780.7,11998.4609375,87078.57421875
162.1430172920227,1,4784.9,11996.671875,87078.57421875
163.16269207000732,1,4780.9,11994.7890625,87078.57421875
164.18053889274597,1,4784.7,11994.7890625,87078.57421875
165.1989710330963,1,4087.4,12506.79296875,87078.57421875
166.21564078330994,1,4453.8,11738.79296875,87078.57421875
167.23465490341187,1,4427.3,11429.1015625,87078.57421875
168.25555443763733,1,2939.3,17771.2421875,87270.57421875
169.26368308067322,1,1847.8,22993.24609375,87270.57421875
170.2897584438324,1,225.2,26181.78515625,87270.57421875
171.29750728607178,1,103.2,33192.01953125,87270.57421875
172.30500197410583,1,102.2,36449.0703125,87270.57421875
173.31327486038208,1,105.1,36145.3125,87270.57421875
174.32014155387878,1,104.3,35859.9609375,87270.57421875
175.32829403877258,1,104.1,35534.72265625,87270.57421875
176.33658266067505,1,104.1,35145.9453125,87270.57421875
177.34407472610474,1,102.2,34883.41796875,87270.57421875
178.35077166557312,1,102.3,34597.87109375,87270.57421875
179.3574516773224,1,100.3,34367.1953125,87270.57421875
180.36465001106262,1,1040.6,34346.01953125,87270.57421875
181.38885974884033,1,2569.4,34356.453125,87270.57421875
182.4146523475647,1,2141.0,34981.05859375,87270.57421875
183.43675684928894,1,1633.7,36074.1171875,87270.57421875
184.44765758514404,1,3181.3,37642.19921875,87270.57421875
185.4582438468933,1,1538.8,36694.80078125,87270.57421875
186.4685595035553,1,1674.6,36347.9140625,87270.57421875
187.47905278205872,1,100.9,38211.3046875,87270.57421875
188.48965120315552,1,3694.0,39756.4765625,87270.57421875
189.50909185409546,1,1638.1,42594.265625,87270.57421875
190.51659417152405,1,2276.8,38827.3203125,87270.57421875
191.52565908432007,1,2122.9,35791.95703125,87270.57421875
192.5329098701477,1,449.7,38362.48046875,87270.57421875
193.54054975509644,1,103.2,41020.1953125,87270.57421875
194.54865074157715,1,957.3,45192.21484375,87270.57421875
195.56864166259766,1,4774.0,44963.3359375,87270.57421875
196.5875313282013,1,3580.7,48648.97265625,87270.57421875
197.59447121620178,1,103.3,50379.6171875,87270.57421875
198.60164260864258,1,373.4,41424.65234375,87270.57421875
199.62013244628906,1,4100.7,42003.1640625,87270.57421875
200.6286461353302,1,502.8,38645.85546875,87270.57421875
201.64770555496216,1,2972.8,37184.90234375,87270.57421875
202.65665555000305,1,2444.4,19323.2890625,87270.57421875
203.67664980888367,1,4776.7,18962.2734375,87270.57421875
204.69664192199707,1,4776.7,18701.453125,87270.57421875
205.71664381027222,1,4767.6,18418.84765625,87270.57421875
206.73664259910583,1,4778.4,18239.04296875,87270.57421875
207.75664353370667,1,3199.9,20887.51953125,87270.57421875
208.77875137329102,1,2909.3,20560.60546875,87270.57421875
209.787499666214,1,2748.3,20000.47265625,87270.57421875
210.7965452671051,1,4005.7,11477.38671875,87270.57421875
211.81608390808105,1,3590.8,11579.34765625,87270.57421875
212.83264589309692,1,3078.0,13022.5703125,87270.57421875
213.850989818573,1,3217.0,11591.57421875,87270.57421875
214.86764335632324,1,4499.1,11501.76171875,87270.57421875
215.88611030578613,1,2610.9,10361.4375,87270.57421875
216.89364337921143,1,2815.7,10774.2421875,87270.57421875
217.91187739372253,1,4045.3,10005.5859375,87270.57421875
218.9266438484192,1,2022.0,3428.609375,87270.57421875
219.9737343788147,1,4748.2,4174.1640625,87270.57421875
220.99914050102234,1,2348.4,11151.53515625,87270.57421875
222.00764274597168,1,4571.6,11149.0234375,87270.57421875
223.02576971054077,1,3816.0,12042.02734375,87270.57421875
224.04401183128357,1,4782.0,12026.21484375,87270.57421875
225.06163430213928,1,4782.8,12009.12109375,87270.57421875
226.07663345336914,1,4779.3,12007.3984375,87270.57421875
227.09163117408752,1,4780.3,12007.3984375,87270.57421875
228.10663270950317,1,4784.2,12007.3984375,87270.57421875
229.1216390132904,1,4158.4,12519.40234375,87270.57421875
230.13764476776123,1,4243.0,11367.77734375,87270.57421875
231.15609622001648,1,4522.2,13096.046875,87274.57421875
232.17802381515503,1,1596.9,20125.515625,87518.57421875
233.18551564216614,1,1956.3,21277.2578125,87518.57421875
234.1924090385437,1,100.3,26971.98828125,87518.57421875
235.20017671585083,1,104.2,33842.35546875,87518.57421875
236.20709109306335,1,105.3,36853.57421875,87518.57421875
237.2151575088501,1,105.2,36584.21484375,87518.57421875
238.2218143939972,1,105.3,36190.20703125,87518.57421875
239.2270576953888,1,105.4,35825.3359375,87518.57421875
240.23455500602722,1,102.2,35431.21875,87518.57421875
241.24197626113892,1,103.2,35162.00390625,87518.57421875
242.24894952774048,1,102.3,34773.625,87518.57421875
243.25571179389954,1,101.3,34465.82421875,87518.57421875
244.26364541053772,1,876.1,34224.3984375,87518.57421875
245.27249026298523,1,2572.2,34515.8125,87518.57421875
246.29463505744934,1,2455.6,34954.40234375,87518.57421875
247.3197684288025,1,1459.1,36350.7421875,87518.57421875
248.32949233055115,1,3107.6,37920.3125,87518.57421875
249.340646982193,1,1825.0,35542.2265625,87518.57421875
250.36488580703735,1,1357.9,36863.38671875,87518.57421875
251.37464499473572,1,304.1,39202.4296875,87518.57421875
252.3946475982666,1,4775.6,40133.9765625,87518.57421875
253.41402673721313,1,459.1,38890.15625,87518.57421875
254.42064547538757,1,2568.8,36985.5703125,87518.57421875
255.43968653678894,1,2055.6,36866.08203125,87518.57421875
256.4476137161255,1,105.2,39634.3125,87518.57421875
257.4551432132721,1,102.2,42381.88671875,87518.57421875
258.4625608921051,1,3135.0,45182.0546875,87518.57421875
259.48227620124817,1,4779.1,44934.23046875,87518.57421875
260.5019898414612,1,1403.1,49235.578125,87518.57421875
261.5096881389618,1,105.2,47318.625,87518.57421875
262.517644405365,1,2692.8,41218.41015625,87518.57421875
263.5364398956299,1,1818.6,43151.76953125,87518.57421875
264.54341197013855,1,2287.0,39476.49609375,87518.57421875
265.55036520957947,1,2427.5,35794.0,87518.57421875
266.55764865875244,1,4174.4,19221.62890625,87518.57421875
267.57764077186584,1,4775.8,18882.5859375,87518.57421875
268.59764099121094,1,4775.6,18618.4765625,87518.57421875
269.62134861946106,1,4771.9,18334.35546875,87518.57421875
270.6411061286926,1,4381.7,21215.62890625,87518.57421875
271.64858961105347,1,2999.5,20914.125,87518.57421875
272.6561050415039,1,2106.5,20268.0546875,87518.57421875
273.662526845932,1,3361.2,11653.93359375,87518.57421875
274.68222641944885,1,4103.3,11964.62890625,87518.57421875
275.70193886756897,1,3532.6,13111.8359375,87518.57421875
276.7126500606537,1,2931.2,11229.60546875,87518.57421875
277.72464179992676,1,4021.0,11673.59765625,87518.57421875
278.74464201927185,1,3748.0,10476.71875,87518.57421875
279.7658088207245,1,1768.5,10717.0390625,87518.57421875
280.7836456298828,1,4165.7,10021.578125,87518.57421875
281.7984154224396,1,3321.4,2312.37109375,87518.57421875
282.8076455593109,1,3189.0,3416.859375,87518.57421875
283.8525047302246,1,3433.6,6863.421875,87518.57421875
284.8606481552124,1,3444.5,11172.984375,87518.57421875
285.8788447380066,1,3769.5,12055.92578125,87518.57421875
286.89563941955566,1,4781.8,12030.87890625,87518.57421875
287.91563749313354,1,4781.5,12029.25,87518.57421875
288.9344172477722,1,4779.2,12026.171875,87518.57421875
289.9540264606476,1,4785.4,12026.171875,87518.57421875
290.9696321487427,1,4785.2,12023.203125,87518.57421875
291.98463702201843,1,4780.1,12023.203125,87518.57421875
293.00601983070374,1,3829.5,11695.18359375,87518.57421875
294.0136511325836,1,4331.2,10014.54296875,87518.57421875
295.0337944030762,1,4294.1,15181.64453125,87654.57421875
296.042671918869,1,380.6,23011.58984375,87654.57421875
297.05720114707947,1,1670.8,24150.8203125,87654.57421875
298.0647699832916,1,100.2,31120.2109375,87654.57421875
299.07218408584595,1,103.2,36740.7890625,87654.57421875
300.08058071136475,1,106.1,36448.20703125,87654.57421875
301.08796977996826,1,105.2,36079.9453125,87654.57421875
302.0962665081024,1,104.1,35688.49609375,87654.57421875
303.10373735427856,1,104.2,35341.7890625,87654.57421875
304.1103434562683,1,103.3,34989.6328125,87654.57421875
305.11790347099304,1,101.2,34773.69140625,87654.57421875
306.1247658729553,1,101.3,34497.15625,87654.57421875
307.13228940963745,1,101.2,34263.44921875,87654.57421875
308.13964676856995,1,2271.5,34824.10546875,87654.57421875
309.16378593444824,1,2810.2,35598.890625,87654.57421875
310.1754505634308,1,1594.2,35853.359375,87654.57421875
311.1846649646759,1,2850.7,37742.09375,87654.57421875
312.1957914829254,1,1408.4,36659.01953125,87654.57421875
313.2046732902527,1,1542.3,36630.37109375,87654.57421875
314.21457719802856,1,102.0,38609.265625,87654.57421875
315.22464895248413,1,4496.1,39716.734375,87654.57421875
316.24413871765137,1,738.6,39993.296875,87654.57421875
317.2526457309723,1,2384.0,37009.484375,87654.57421875
318.27112317085266,1,2360.1,36457.63671875,87654.57421875
319.2781627178192,1,102.3,39344.12109375,87654.57421875
320.2866168022156,1,105.1,41946.32421875,87654.57421875
321.29564452171326,1,2558.2,45170.0078125,87654.57421875
322.31458854675293,1,4777.6,44923.70703125,87654.57421875
323.3335905075073,1,1998.7,49276.515625,87654.57421875
324.341792345047,1,102.2,50780.12890625,87654.57421875
325.348605632782,1,2005.5,41446.30859375,87654.57421875
326.3684170246124,1,2476.6,42896.8828125,87654.57421875
327.37553668022156,1,2290.6,38717.08984375,87654.57421875
328.38364338874817,1,2056.7,36034.86328125,87654.57421875
329.3936553001404,1,3808.7,19181.0078125,87654.57421875
330.41365027427673,1,4733.5,18884.37109375,87654.57421875
331.4336416721344,1,4774.8,18620.16015625,87654.57421875
332.4535000324249,1,4768.3,18373.11328125,87654.57421875
333.47465467453003,1,4739.2,20489.41015625,87654.57421875
334.4987692832947,1,2880.7,20913.65234375,87654.57421875
335.5109896659851,1,2159.7,20420.5234375,87654.57421875
336.5166437625885,1,2650.9,11749.25,87702.57421875
337.5353648662567,1,4483.3,11799.68359375,87702.57421875
338.5436518192291,1,3434.9,13224.28515625,87702.57421875
339.5646448135376,1,2678.0,11339.15625,87702.57421875
340.57948875427246,1,4274.5,11498.26171875,87702.57421875
341.5991065502167,1,4099.1,10520.73046875,87702.57421875
342.6096522808075,1,1405.3,10531.92578125,87702.57421875
343.6165428161621,1,4080.4,9994.3515625,87702.57421875
344.62358832359314,1,2337.5,3011.58203125,87702.57421875
345.63164591789246,1,3968.4,3376.9609375,87702.57421875
346.65757179260254,1,3009.8,9142.0390625,87702.57421875
347.666645526886,1,3892.2,11223.14453125,87702.57421875
348.6848940849304,1,3757.5,12051.20703125,87702.57421875
349.701637506485,1,4786.9,12050.8671875,87702.57421875
350.71994638442993,1,4783.4,12046.57421875,87702.57421875
351.7366352081299,1,4785.2,12045.8515625,87702.57421875
352.75163745880127,1,4777.2,12045.8515625,87702.57421875
353.77063727378845,1,4780.3,12043.9765625,87702.57421875
354.7891752719879,1,4156.3,12535.96484375,87702.57421875
355.79864597320557,1,4421.5,11787.98046875,87702.57421875
356.8173174858093,1,4435.8,10715.22265625,87702.57421875
357.84292459487915,1,3515.9,16610.66015625,87850.57421875
358.8509509563446,1,1043.7,23006.65234375,87850.57421875
359.86381006240845,1,1020.8,23852.05078125,87850.57421875
360.87200474739075,1,102.2,30714.0859375,87850.57421875
361.87985253334045,1,103.2,36246.13671875,87850.57421875
362.88705801963806,1,104.3,36009.4296875,87850.57421875
363.8944561481476,1,105.2,35678.98046875,87850.57421875
364.90246772766113,1,104.2,35343.05078125,87850.57421875
365.9094476699829,1,103.3,35071.16796875,87850.57421875
366.9160702228546,1,102.3,34787.79296875,87850.57421875
367.92385268211365,1,102.2,34539.99609375,87850.57421875
368.93090748786926,1,101.3,34272.609375,87850.57421875
369.93768286705017,1,101.3,34076.69140625,87850.57421875
370.9446620941162,1,2327.7,34391.08203125,87850.57421875
371.9546446800232,1,2591.4,35374.40234375,87850.57421875
372.9788029193878,1,2418.6,34417.14453125,87850.57421875
373.98964381217957,1,1479.9,36868.765625,87850.57421875
375.0138499736786,1,1776.7,38352.83203125,87850.57421875
376.0256447792053,1,2742.1,35186.5625,87850.57421875
377.04670691490173,1,514.1,37097.8359375,87850.57421875
378.0576457977295,1,603.5,39886.58984375,87850.57421875
379.081209897995,1,4715.2,41023.734375,87850.57421875
380.08729124069214,1,212.7,39081.75,87850.57421875
381.0936415195465,1,2333.2,37054.08984375,87850.57421875
382.1121826171875,1,2271.6,36648.546875,87850.57421875
383.1199805736542,1,103.2,39387.5546875,87850.57421875
384.1281635761261,1,104.1,42023.234375,87850.57421875
385.1366467475891,1,2534.7,45233.01953125,87850.57421875
386.1566438674927,1,4779.7,44975.48046875,87850.57421875
387.17556977272034,1,2008.7,49430.796875,87850.57421875
388.1834907531738,1,103.2,50540.5703125,87850.57421875
389.19161081314087,1,1963.3,41178.37109375,87850.57421875
390.21148347854614,1,2537.3,42539.23046875,87850.57421875
391.2206449508667,1,1980.1,38517.6640625,87850.57421875
392.24064588546753,1,2011.8,36394.7265625,87850.57421875
393.2506523132324,1,3384.0,19215.80078125,87850.57421875
394.2706425189972,1,4773.8,18898.5859375,87850.57421875
395.29164147377014,1,4773.8,18646.01953125,87850.57421875
396.3116409778595,1,4771.6,18402.2109375,87850.57421875
397.33165645599365,1,4762.2,18720.80859375,87850.57421875
398.35264706611633,1,3047.2,21065.78125,87850.57421875
399.37264704704285,1,2609.8,20634.15234375,87850.57421875
400.38831090927124,1,2635.8,19989.65625,87850.57421875
401.3986442089081,1,4490.4,11648.1953125,87850.57421875
402.4170832633972,1,3248.2,13301.0859375,87850.57421875
403.42645025253296,1,3468.8,11077.3046875,87850.57421875
404.43464374542236,1,3428.6,11528.05078125,87850.57421875
405.45298051834106,1,4259.1,10907.4453125,87850.57421875
406.4695796966553,1,1759.2,10394.2265625,87850.57421875
407.4796416759491,1,3870.0,10562.50390625,87850.57421875
408.4878134727478,1,3622.9,2338.015625,88362.58203125
409.4966425895691,1,2429.6,3423.44140625,87850.57421875
410.54043889045715,1,4140.4,6021.5625,87850.57421875
411.548645734787,1,2695.3,11215.140625,87850.57421875
412.5636775493622,1,4213.2,11612.0625,87850.57421875
413.57064843177795,1,4330.2,12041.05859375,87850.57421875
414.5906355381012,1,4781.9,12041.05859375,87850.57421875
415.60904145240784,1,4779.9,12038.30078125,87850.57421875
416.628910779953,1,4782.1,12037.1171875,87850.57421875
417.64564204216003,1,4778.0,12037.1171875,87850.57421875
418.66463685035706,1,4779.3,12037.1171875,87850.57421875
419.68365359306335,1,4234.1,12549.12109375,87850.57421875
420.7056419849396,1,4071.7,11135.11328125,87850.57421875
421.71765398979187,1,4650.7,14404.7890625,87878.57421875
422.7381212711334,1,573.2,22128.703125,87954.57421875
423.746075630188,1,1977.3,21960.69140625,87954.57421875
424.7542953491211,1,99.2,28148.69140625,87954.57421875
425.7623255252838,1,105.2,34958.6953125,87954.57421875
426.7696750164032,1,103.2,36295.88671875,87954.57421875
427.7779893875122,1,105.1,36053.7421875,87954.57421875
428.78528022766113,1,104.2,35720.33984375,87954.57421875
429.7932119369507,1,105.2,35370.32421875,87954.57421875
430.8000638484955,1,103.3,35062.41796875,87954.57421875
431.8077824115753,1,101.2,34787.05078125,87954.57421875
432.81493377685547,1,102.3,34526.99609375,87954.57421875
433.8245484828949,1,102.0,34190.2109375,87954.57421875
434.83425426483154,1,1464.6,34337.53515625,87954.57421875
435.84810161590576,1,2622.0,34344.0078125,87954.57421875
436.8570098876953,1,2417.5,35094.1484375,87954.57421875
437.86732745170593,1,974.9,36220.5078125,87954.57421875
438.8774585723877,1,3178.8,37786.41015625,87954.57421875
439.88772797584534,1,1747.4,35633.62109375,87954.57421875
440.89993810653687,1,1507.4,36652.8671875,87954.57421875
441.91017508506775,1,102.0,38582.1875,87954.57421875
442.91964173316956,1,4221.6,39805.12890625,87954.57421875
443.9385507106781,1,1306.1,42776.41796875,87954.57421875
444.94543981552124,1,2302.1,39154.33984375,87954.57421875
445.95564222335815,1,2307.8,35722.59375,87954.57421875
446.9679834842682,1,273.6,38649.42578125,87954.57421875
447.97618651390076,1,104.1,41333.109375,87954.57421875
448.98465275764465,1,1358.6,45234.48046875,87954.57421875
450.0046441555023,1,4777.8,45018.453125,87954.57421875
451.03192710876465,1,3148.7,48697.578125,87954.57421875
452.0391583442688,1,102.3,50408.92578125,87954.57421875
453.0476453304291,1,747.7,41285.359375,87954.57421875
454.06639313697815,1,3695.2,42059.30078125,87954.57421875
455.07564878463745,1,882.9,38616.8359375,87954.57421875
456.09575033187866,1,2618.1,37362.48046875,87954.57421875
457.10253620147705,1,2841.8,19320.859375,87954.57421875
458.1236479282379,1,4769.6,18996.4609375,87954.57421875
459.1436433792114,1,4769.7,18672.79296875,87954.57421875
460.16464471817017,1,4773.9,18466.140625,87954.57421875
461.1856429576874,1,4775.7,18289.7734375,87954.57421875
462.19864225387573,1,2523.1,20894.33203125,87958.57421875
463.21712923049927,1,2730.7,20589.6640625,87958.57421875
464.2246422767639,1,2853.4,19989.06640625,87958.57421875
465.2366440296173,1,4038.5,11580.08984375,87958.57421875
466.2556426525116,1,3644.9,11592.265625,87958.57421875
467.2686460018158,1,3296.0,13218.2109375,87958.57421875
468.2897174358368,1,3210.5,11678.83203125,87958.57421875
469.307124376297,1,4359.9,11254.80859375,87958.57421875
470.3233060836792,1,2496.6,10425.98046875,87958.57421875
471.33264327049255,1,3090.1,10900.96875,87958.57421875
472.3516438007355,1,4007.9,9920.3828125,87958.57421875
473.37004470825195,1,1963.7,3499.23828125,87958.57421875
474.41387820243835,1,4744.6,4997.41015625,87958.57421875
475.4346613883972,1,2155.2,11232.453125,87958.57421875
476.46066546440125,1,4742.7,11219.47265625,87958.57421875
477.48664450645447,1,3835.0,12065.37890625,87958.57421875
478.5053553581238,1,4772.7,12065.37890625,87958.57421875
479.52521562576294,1,4782.2,12058.0234375,87958.57421875
480.54601764678955,1,4779.6,12058.0234375,87958.57421875
481.5636398792267,1,4781.7,12058.0234375,87958.57421875
482.5826382637024,1,4781.2,12049.72265625,87958.57421875
483.60163974761963,1,4114.8,12561.7265625,87958.57421875
484.62064266204834,1,4203.1,11219.7109375,87958.57421875
485.6410448551178,1,4589.9,13657.29296875,87966.57421875
486.6616714000702,1,1105.2,21166.25,88054.57421875
487.6690926551819,1,1988.2,21196.84765625,88054.57421875
488.6771869659424,1,100.2,27132.84765625,88054.57421875
489.68444418907166,1,103.2,34048.7734375,88054.57421875
490.6923260688782,1,104.2,36215.46875,88054.57421875
491.6994791030884,1,103.3,35984.53515625,88054.57421875
492.7070038318634,1,105.2,35629.44140625,88054.57421875
493.7149612903595,1,104.2,35371.46484375,88054.57421875
494.72312331199646,1,104.2,35005.5703125,88054.57421875
495.73019194602966,1,102.3,34753.87109375,88054.57421875
496.7373993396759,1,101.3,34573.96484375,88054.57421875
497.7449245452881,1,101.2,34315.4609375,88054.57421875
498.7514524459839,1,1360.2,34205.98828125,88054.57421875
499.76139068603516,1,2568.3,34246.15625,88054.57421875
500.77144861221313,1,1847.4,35246.53125,88054.57421875
501.782475233078,1,1648.6,35904.66796875,88054.57421875
502.7926127910614,1,3148.3,37601.3046875,88054.57421875
503.80364441871643,1,1912.2,35617.75390625,88054.57421875
504.82783675193787,1,1338.7,37042.9140625,88054.57421875
505.8376441001892,1,1522.0,39902.16796875,88054.57421875
506.8619170188904,1,4019.1,41427.04296875,88054.57421875
507.86887526512146,1,496.6,38220.1875,88054.57421875
508.88202357292175,1,2663.4,36858.09765625,88054.57421875
509.90266466140747,1,1664.8,36866.0859375,88054.57421875
510.90918374061584,1,102.3,39526.45703125,88054.57421875
511.9161117076874,1,104.3,42134.5703125,88054.57421875
512.9236450195312,1,3016.3,45049.0859375,88054.57421875
513.9436404705048,1,4776.7,44859.26171875,88054.57421875
514.9627995491028,1,1542.3,49499.0078125,88054.57421875
515.9710783958435,1,104.1,48732.45703125,88054.57421875
516.9786455631256,1,2352.4,41425.14453125,88054.57421875
517.9975218772888,1,2152.1,42889.43359375,88054.57421875
519.0049350261688,1,2284.3,38697.88671875,88054.57421875
520.0136449337006,1,1673.5,36389.6875,88054.57421875
521.0287592411041,1,3394.5,19244.015625,88054.57421875
522.0486426353455,1,4775.3,18912.32421875,88054.57421875
523.0696415901184,1,4775.0,18640.875,88054.57421875
524.0894606113434,1,4771.3,18435.23828125,88054.57421875
525.1106581687927,1,4757.7,18813.57421875,88054.57421875
526.1326494216919,1,2971.8,20992.19921875,88054.57421875
527.1526534557343,1,2593.1,20590.37890625,88054.57421875
528.1726512908936,1,2574.7,19945.5625,88054.57421875
529.1816427707672,1,4478.7,11585.62890625,88054.57421875
530.1999788284302,1,3289.6,13248.52734375,88054.57421875
531.206803560257,1,3330.3,11100.73046875,88054.57421875
532.2146410942078,1,3490.7,11510.23828125,88054.57421875
533.2378067970276,1,4238.8,10973.546875,88054.57421875
534.2540619373322,1,1730.9,10389.8125,88054.57421875
535.2646441459656,1,3860.1,10637.30859375,88054.57421875
536.2717475891113,1,3757.9,2145.37890625,88566.58203125
537.2796626091003,1,3226.4,3026.8671875,88054.57421875
538.3057539463043,1,2800.3,6581.19921875,88054.57421875
539.3156406879425,1,3823.3,7414.51953125,88054.57421875
540.3339192867279,1,4776.6,7383.73046875,88054.57421875
541.3541910648346,1,4777.3,7364.02734375,88054.57421875
542.3706405162811,1,4150.7,7873.95703125,88054.57421875
543.3896424770355,1,4274.8,6721.33203125,88054.57421875
544.4081828594208,1,4043.4,9014.40234375,88054.57421875
545.4166898727417,1,1118.5,13020.59765625,88054.57421875
546.4244723320007,1,100.2,19230.6015625,88054.57421875
547.4324178695679,1,101.2,19196.3046875,88054.57421875
548.4393880367279,1,102.3,19107.78515625,88054.57421875
549.4470677375793,1,103.2,18970.4453125,88054.57421875
550.4534957408905,1,272.2,18820.890625,88054.57421875
551.4636452198029,1,2386.7,18938.265625,88054.57421875
552.4822039604187,1,2402.1,19513.31640625,88054.57421875
553.492645740509,1,2339.8,21068.1328125,88054.57421875
554.511536359787,1,2591.1,19356.171875,88054.57421875
555.5210163593292,1,645.8,22974.33984375,88054.57421875
556.5296530723572,1,4642.2,24841.8203125,88054.57421875
557.5476050376892,1,2361.4,22651.38671875,88054.57421875
558.5557670593262,1,2361.1,19826.98828125,88054.57421875
559.5656499862671,1,4471.6,11507.0859375,88054.57421875
560.585643529892,1,4777.6,11223.89453125,88054.57421875
561.6056709289551,1,3728.8,12315.40234375,88054.57421875
562.6132860183716,1,2426.0,7602.43359375,88054.57421875
563.6231162548065,1,3758.5,8376.89453125,88054.57421875
564.6316413879395,1,2657.7,7640.44921875,88054.57421875
565.6499035358429,1,4050.1,8135.6328125,88054.57421875
566.6661806106567,1,3740.2,6851.61328125,88054.57421875
567.671648979187,1,1735.4,7108.10546875,88054.57421875
568.6906423568726,1,4012.8,6527.11328125,88054.57421875
569.7090265750885,1,3141.2,5152.7421875,88368.58984375
570.7256445884705,1,4504.1,5221.43359375,88368.58984375
571.7446391582489,1,4779.5,5076.82421875,88368.58984375
572.7636370658875,1,4776.2,4974.85546875,88368.58984375
573.7825403213501,1,4303.7,4566.66796875,88368.58984375
574.7908093929291,1,1788.3,5386.18359375,88368.58984375
575.7992289066315,1,4122.2,5012.796875,88368.58984375
576.8076436519623,1,3316.6,4711.6953125,88368.58984375
577.8261294364929,1,3584.8,4726.6953125,88368.58984375
578.8356447219849,1,3039.0,5080.48046875,88368.58984375
579.8542928695679,1,4505.0,5230.02734375,88368.58984375
580.8739721775055,1,4784.2,5182.21484375,88368.58984375
581.8906390666962,1,4782.1,5101.703125,88368.58984375
582.9093477725983,1,4067.2,4900.71484375,88368.58984375
583.9171233177185,1,1846.9,5219.97265625,88368.58984375
584.9249634742737,1,4274.5,5086.02734375,88368.58984375
585.9346451759338,1,3391.0,5103.44140625,88368.58984375
586.9545366764069,1,3495.5,4907.4765625,88368.58984375
587.9736435413361,1,3786.7,2968.99609375,88368.58984375
588.9921941757202,1,4100.8,2738.13671875,88368.58984375
589.999514579773,1,3326.7,2591.203125,88368.58984375
591.0096418857574,1,3665.0,2568.10546875,88368.58984375
592.0280230045319,1,3732.8,5130.71484375,88368.58984375
593.0366389751434,1,4744.9,5111.1484375,88368.58984375
594.0571060180664,1,4781.2,5045.02734375,88368.58984375
595.0766415596008,1,4781.7,4998.3359375,88368.58984375
596.0950040817261,1,4368.3,4907.5703125,88368.58984375
597.1055378913879,1,1769.1,5674.81640625,88368.58984375
598.1134700775146,1,4122.1,6241.859375,88368.58984375
599.1221685409546,1,2407.1,6158.5859375,88368.58984375
600.1286721229553,1,2814.7,5916.28515625,88368.58984375
601.136652469635,1,3548.6,5837.71484375,88368.58984375
602.1548407077789,1,3964.9,3397.0625,88368.58984375
603.1713001728058,1,4453.7,3203.4296875,88368.58984375
604.1826429367065,1,2906.0,3096.015625,88368.58984375
605.2026426792145,1,3601.1,2855.48046875,88368.58984375
606.2176456451416,1,4148.6,2500.44921875,88368.58984375
607.2373080253601,1,3632.4,2300.37109375,88368.58984375
608.250284910202,1,3553.2,2312.07421875,88368.58984375
