elapsed_time,nproc,cpu,mem_real,mem_virtual
3.6716461181640625e-05,1,0.0,6.125,3054.80859375
1.0057501792907715,5,29.8,393.3125,2272.19140625
2.0129313468933105,4,100.2,748.171875,2432.47265625
3.0206122398376465,5,100.3,908.47265625,2943.09375
4.028007984161377,3,100.3,638.60546875,2027.1640625
5.03455376625061,3,99.3,730.6796875,2139.1640625
6.041903972625732,4,125.1,1008.80078125,2793.453125
7.048990488052368,4,3.0,425.30078125,1901.2734375
8.056644439697266,5,120.9,587.69921875,2434.72265625
9.066364049911499,3,1.0,328.84765625,1569.4375
10.073862075805664,3,1.0,272.53515625,1504.05078125
11.082225799560547,3,3.0,305.06640625,1533.54296875
12.089607954025269,1,3.0,51.11328125,619.0625
13.097887992858887,1,1768.6,557.921875,4731.01171875
14.116015672683716,1,4321.7,555.20703125,4753.01171875
15.124891757965088,1,4017.3,629.25390625,4783.01171875
16.144035577774048,1,2021.8,1650.94921875,6619.04296875
17.16331386566162,1,4783.2,1650.94921875,6619.04296875
18.179888010025024,1,4389.9,2166.99609375,8155.04296875
19.199230194091797,1,4473.9,1007.08203125,8155.04296875
20.21189308166504,1,2519.3,2285.703125,8735.07421875
21.25032067298889,1,3540.2,5961.78125,12625.07421875
22.25888967514038,1,3896.6,7325.85546875,18269.07421875
23.278038024902344,1,4180.9,8215.34375,18269.07421875
24.29653787612915,1,4775.8,8209.5,18269.07421875
25.315884828567505,1,4784.6,8209.5,18269.07421875
26.334884881973267,1,4783.1,8181.9453125,18269.07421875
27.353387355804443,1,4723.0,8243.80078125,18269.07421875
28.360888957977295,1,4216.7,7915.80859375,18269.07421875
29.376899480819702,1,4516.3,7162.125,19317.07421875
30.399304389953613,1,2059.8,14187.41015625,32017.07421875
31.407491207122803,1,1385.7,17082.12109375,52497.07421875
32.41496729850769,1,100.3,23962.12109375,52497.07421875
33.422948122024536,1,101.2,30783.0546875,52497.07421875
34.43103218078613,1,102.2,31897.4375,52497.07421875
35.4383819103241,1,103.2,31757.265625,52497.07421875
36.44549036026001,1,103.3,31584.45703125,52497.07421875
37.452027320861816,1,102.3,31399.0859375,52497.07421875
38.45930004119873,1,102.3,31272.50390625,52497.07421875
39.46648955345154,1,100.3,31146.93359375,52497.07421875
40.474249839782715,1,101.2,30953.859375,52497.07421875
41.48127722740173,1,101.3,30858.36328125,52497.07421875
42.48889136314392,1,1657.5,31155.60546875,52497.07421875
43.50995755195618,1,2487.4,31309.73828125,52497.07421875
44.520262718200684,1,2811.4,31595.51171875,52497.07421875
45.52889037132263,1,2057.2,33807.609375,52497.07421875
46.549915075302124,1,3212.2,33579.98046875,52497.07421875
47.56022238731384,1,1739.0,33526.61328125,77073.07421875
48.57088923454285,1,1709.0,36902.890625,77073.07421875
49.59192609786987,1,3910.4,38877.33984375,77073.07421875
50.60090255737305,1,2385.7,34212.28515625,77073.07421875
51.61219358444214,1,2472.9,33142.5546875,77073.07421875
52.62043595314026,1,101.2,37892.67578125,77073.07421875
53.627784729003906,1,2244.6,42348.61328125,77073.07421875
54.64768147468567,1,4768.6,42123.828125,77073.07421875
55.66744089126587,1,2535.5,46915.96484375,77989.07421875
56.67489290237427,1,2247.5,38237.83984375,77989.07421875
57.6946918964386,1,2528.5,36626.74609375,77989.07421875
58.70189714431763,1,3377.2,34350.296875,77989.07421875
59.70790147781372,1,2971.1,16592.3515625,77989.07421875
60.72788619995117,1,4777.8,16283.84765625,77989.07421875
61.74889039993286,1,4760.1,15927.73828125,77989.07421875
62.770156145095825,1,3176.5,17362.53515625,77989.07421875
63.78488755226135,1,2598.7,16801.23828125,77989.07421875
64.79961276054382,1,3897.6,8216.6328125,77989.07421875
65.81901717185974,1,2934.6,9201.0625,78005.07421875
66.8308892250061,1,3081.9,8707.5234375,78005.07421875
67.84932160377502,1,4576.5,8652.9140625,78005.07421875
68.86924743652344,1,3206.3,7378.234375,78005.07421875
69.8758192062378,1,2420.0,7586.96484375,78005.07421875
70.89512133598328,1,4081.3,7070.9921875,78005.07421875
71.91190695762634,1,3365.0,2614.21875,78005.07421875
72.93790125846863,1,2880.3,6125.69140625,78005.07421875
73.9588897228241,1,4197.3,6985.79296875,78005.07421875
74.97713041305542,1,4779.9,6822.48828125,78005.07421875
75.99700093269348,1,4783.0,6788.2734375,78005.07421875
77.01589059829712,1,4361.4,7302.265625,78005.07421875
78.0348973274231,1,4432.7,6152.2578125,78005.07421875
79.05382966995239,1,3503.0,9167.9765625,78005.07421875
80.06121969223022,1,978.8,13408.95703125,78005.07421875
81.06828355789185,1,100.3,18518.95703125,78005.07421875
82.07537579536438,1,101.3,18448.609375,78005.07421875
83.08356809616089,1,102.2,18328.9140625,78005.07421875
84.09004592895508,1,102.3,18209.25,78005.07421875
85.0966145992279,1,341.8,18029.15625,78005.07421875
86.10389447212219,1,2413.3,18296.56640625,78005.07421875
87.12389278411865,1,2402.0,18400.85546875,78005.07421875
88.13189029693604,1,2341.2,20468.0546875,78005.07421875
89.15073132514954,1,2607.9,18924.5703125,78005.07421875
90.15633392333984,1,750.7,22195.80859375,78005.07421875
91.16379070281982,1,4498.9,23409.28125,78005.07421875
92.17389178276062,1,2469.0,21763.3125,78005.07421875
93.19282364845276,1,2423.1,19536.21484375,78005.07421875
94.20390391349792,1,4101.4,10853.54296875,78005.07421875
95.2248899936676,1,4775.9,10662.3671875,78005.07421875
96.24517703056335,1,3081.2,11804.296875,78005.07421875
97.2533016204834,1,2784.7,11035.40625,78005.07421875
98.2653534412384,1,3704.9,7006.87890625,78005.07421875
99.27362656593323,1,2337.6,6944.48828125,78005.07421875
100.28188824653625,1,4151.4,7284.53515625,78005.07421875
101.30017733573914,1,4406.3,6584.203125,78005.07421875
102.31688976287842,1,1301.3,6364.73828125,78005.07421875
103.33188652992249,1,4384.3,6013.546875,78005.07421875
104.35020279884338,1,3435.6,3436.3828125,78150.08203125
105.36889696121216,1,4548.4,3572.59765625,78150.08203125
106.38888669013977,1,4653.1,3602.24609375,78150.08203125
107.40712189674377,1,2867.7,3064.75,78150.08203125
108.42388868331909,1,3767.9,3099.9140625,78150.08203125
109.43589043617249,1,3617.5,3197.65625,78150.08203125
110.44389367103577,1,4125.0,2897.578125,78150.08203125
111.46288275718689,1,4784.4,2857.109375,78150.08203125
112.48204135894775,1,2852.3,3007.18359375,78150.08203125
113.48952603340149,1,3319.1,3235.38671875,78150.08203125
114.49589252471924,1,3295.0,3241.66015625,78150.08203125
115.50588774681091,1,4133.7,2799.72265625,78150.08203125
116.52416038513184,1,4412.8,2775.9609375,78150.08203125
117.53108549118042,1,3345.2,2642.1015625,78150.08203125
118.53940176963806,1,4124.1,2548.5078125,78150.08203125
119.54989910125732,1,4297.2,2315.12890625,78150.08203125
120.56988978385925,1,3517.0,2221.86328125,78150.08203125
121.5880937576294,1,3694.7,2220.12890625,78150.08203125
