elapsed_time,nproc,cpu,mem_real,mem_virtual
3.910064697265625e-05,1,0.0,7.55859375,3185.32421875
1.0070343017578125,2,26.8,60.24609375,171.33203125
2.015192985534668,4,14.9,517.91015625,2259.3046875
3.023414134979248,4,199.4,787.0546875,2597.3046875
4.031433582305908,6,100.0,1236.19140625,3672.0859375
5.041500568389893,3,100.1,671.875,2169.796875
6.050774812698364,3,99.1,748.7734375,2281.796875
7.059698104858398,3,1.0,262.9296875,1619.98046875
8.068129777908325,3,2.0,311.5703125,1665.80078125
9.077284812927246,3,2.0,238.41015625,1613.51171875
10.085618734359741,3,100.1,387.34765625,1733.51171875
11.094370126724243,7,5.0,906.3984375,3381.42578125
12.10447096824646,5,5.0,543.1484375,2470.74609375
13.113582849502563,2,1.0,45.48828125,3248.64453125
14.123808145523071,1,86.1,263.6484375,1261.5546875
15.131766319274902,1,98.2,509.64453125,1901.5546875
16.14046335220337,1,101.1,691.3984375,2675.5234375
17.149104118347168,1,295.5,410.70703125,6709.50390625
18.158536434173584,1,185.2,532.7890625,8349.6171875
19.167255878448486,1,290.5,1997.41796875,9381.5859375
20.17796516418457,1,3499.8,3466.84765625,11213.5859375
21.19274115562439,1,3955.0,5138.46484375,11261.5859375
22.211326122283936,1,4595.0,8581.015625,20303.0859375
23.237674236297607,1,4325.3,8884.66796875,20309.0859375
24.261192560195923,1,4117.3,9181.46875,20309.0859375
25.26974868774414,1,3037.1,9539.11328125,20379.0859375
26.282464742660522,1,2693.2,10712.421875,20443.0859375
27.291300773620605,1,1994.7,10635.77734375,20443.0859375
28.30175018310547,1,2754.2,10899.734375,20443.0859375
29.31274437904358,1,1151.3,2649.0703125,20523.0859375
30.3686203956604,1,3615.2,4611.5078125,20523.0859375
31.38375449180603,1,4345.9,6190.9140625,20696.0859375
32.40974760055542,1,4739.0,10097.10546875,21093.0859375
33.42975568771362,1,4229.3,8880.1328125,21093.0859375
34.451749086380005,1,3395.4,9378.68359375,21093.0859375
35.47774362564087,1,3691.2,9920.73046875,21093.0859375
36.493855714797974,1,2062.6,10390.78515625,21093.0859375
37.501747131347656,1,2790.2,10542.203125,21093.0859375
38.514569997787476,1,1543.2,10526.01953125,21093.0859375
39.522743225097656,1,2717.6,2381.2578125,21093.0859375
40.583664655685425,1,3395.5,5184.3359375,21093.0859375
41.59475374221802,1,4498.7,7948.3671875,21473.0859375
42.62076020240784,1,4586.8,8133.99609375,21551.0859375
43.643741607666016,1,4363.1,9115.9921875,21551.0859375
44.660752296447754,1,2896.7,9410.59765625,21551.0859375
45.686269760131836,1,3208.1,10512.00390625,21551.0859375
46.69739007949829,1,1816.6,10344.421875,21551.0859375
47.70783519744873,1,3034.4,10721.12890625,21551.0859375
48.71765089035034,1,731.9,2593.2265625,21551.0859375
49.72576594352722,1,3470.0,3879.26171875,21551.0859375
50.74321460723877,1,4358.8,5439.9921875,21559.0859375
51.76774740219116,1,4679.1,9278.984375,21705.0859375
52.79209566116333,1,4195.0,8798.41796875,21705.0859375
53.817113161087036,1,3643.9,9202.1875,21705.0859375
54.825738191604614,1,3837.9,9526.86328125,21705.0859375
55.83574080467224,1,2291.2,10307.33203125,21705.0859375
56.84388542175293,1,2221.8,10411.6015625,21705.0859375
57.85636043548584,1,2200.3,10762.73828125,21705.0859375
58.8687424659729,1,1977.6,2437.86328125,21705.0859375
59.916435956954956,1,3340.9,5227.27734375,21705.0859375
60.9367516040802,1,4519.8,6754.28125,21739.0859375
61.96275782585144,1,4488.4,8504.34765625,21813.0859375
62.97974133491516,1,4261.0,8963.8359375,21813.0859375
63.998751640319824,1,3400.1,9351.35546875,21813.0859375
65.02574324607849,1,3339.1,9973.53515625,21813.0859375
66.04543566703796,1,2081.1,10315.6328125,21813.0859375
67.05274176597595,1,3083.3,10474.53125,21813.0859375
68.06429362297058,1,966.7,1990.7421875,22325.09375
69.07270193099976,1,3096.4,2468.71875,21813.0859375
70.08074283599854,1,3361.9,5380.22265625,21813.0859375
71.10075211524963,1,4554.6,7937.109375,21861.0859375
72.12677121162415,1,4442.7,7983.140625,21861.0859375
73.14175605773926,1,4337.7,8891.26953125,21861.0859375
74.15612888336182,1,2808.3,9226.92578125,21861.0859375
75.1687319278717,1,3308.1,10286.69140625,21861.0859375
76.17676329612732,1,1809.4,10199.3671875,21861.0859375
77.18445897102356,1,3042.1,10599.56640625,21861.0859375
78.19423341751099,1,662.6,2458.4765625,21861.0859375
79.20380687713623,1,3352.7,3840.9375,21861.0859375
80.21574473381042,1,4333.3,5400.015625,21861.0859375
81.23374938964844,1,4677.2,9044.40625,21885.0859375
82.25974082946777,1,4022.1,8787.23828125,21885.0859375
83.27938175201416,1,4019.0,9130.328125,21885.0859375
84.28774356842041,1,3315.2,9341.421875,21885.0859375
85.3009660243988,1,2768.1,10321.05078125,21885.0859375
86.30966424942017,1,2056.3,10495.5,21885.0859375
87.32074451446533,1,2413.4,10769.01953125,21885.0859375
88.32974195480347,1,1677.7,2484.4296875,21885.0859375
89.38584327697754,1,3449.9,5273.83984375,21885.0859375
90.39575266838074,1,4439.6,6763.72265625,21955.0859375
91.42175960540771,1,4609.1,8439.90234375,22101.0859375
92.43874454498291,1,4248.2,9074.75,22101.0859375
93.45974898338318,1,3415.2,9448.546875,22101.0859375
94.48436307907104,1,3552.7,10029.52734375,22101.0859375
95.49817562103271,1,2015.1,10366.0703125,22101.0859375
96.50544714927673,1,3088.6,10532.00390625,22101.0859375
97.51620364189148,1,988.3,2007.93359375,22613.09375
98.5237410068512,1,2969.8,2488.828125,22101.0859375
99.55374455451965,1,3350.7,5411.2421875,22101.0859375
100.57375431060791,1,4619.2,8135.76953125,22145.0859375
101.60079002380371,1,4531.6,8006.22265625,22181.0859375
102.61310720443726,1,4298.1,9048.6875,22181.0859375
103.62375283241272,1,2856.5,9369.109375,22181.0859375
104.6492919921875,1,3253.7,10416.17578125,22181.0859375
105.6578722000122,1,1815.4,10240.8515625,22181.0859375
106.66576910018921,1,3024.1,10631.43359375,22181.0859375
107.67462420463562,1,741.5,2501.765625,22181.0859375
108.69275522232056,1,3589.8,4078.6953125,22181.0859375
109.74700164794922,1,4297.9,5745.6015625,22181.0859375
110.7732446193695,1,4623.5,9648.30078125,22251.0859375
111.80140829086304,1,4197.0,9058.1484375,22251.0859375
112.82075262069702,1,3598.3,9424.08984375,22251.0859375
113.84660696983337,1,3596.7,9881.66015625,22251.0859375
114.85713934898376,1,2416.0,10519.53125,22251.0859375
115.86674284934998,1,2365.2,10718.2734375,22251.0859375
116.88427805900574,1,2009.5,10998.0859375,22251.0859375
117.89574217796326,1,1866.7,2612.80859375,22251.0859375
118.92574310302734,1,3438.2,5389.9609375,22251.0859375
119.94575691223145,1,4525.0,7040.1640625,22251.0859375
120.9717743396759,1,4545.6,7989.30859375,22307.0859375
121.98574590682983,1,4236.3,9041.69140625,22307.0859375
123.00645136833191,1,3476.0,9326.84765625,22307.0859375
124.02790546417236,1,3505.0,10311.03515625,22307.0859375
125.03457188606262,1,1960.9,10352.65234375,22307.0859375
126.04255056381226,1,3221.3,10712.35546875,22307.0859375
127.0497739315033,1,650.2,2047.33984375,22307.0859375
128.05856823921204,1,3096.8,3234.16015625,22307.0859375
129.06774520874023,1,3903.5,5453.6015625,22307.0859375
130.08875250816345,1,4555.0,8171.8046875,22319.0859375
131.1157672405243,1,4528.9,8674.88671875,22347.0859375
132.1304566860199,1,4159.1,9181.59765625,22347.0859375
133.13795113563538,1,2832.8,9396.30078125,22347.0859375
134.14903140068054,1,3117.9,10430.78515625,22347.0859375
135.15774083137512,1,1861.0,10377.03125,22347.0859375
136.16828560829163,1,2825.0,10770.578125,22347.0859375
137.17874240875244,1,867.0,2621.7265625,22347.0859375
138.2027702331543,1,3580.2,4605.6015625,22347.0859375
139.22874355316162,1,4375.3,5927.78515625,22347.0859375
140.25175261497498,1,4701.8,9401.81640625,22359.0859375
141.27274012565613,1,4136.3,8851.9453125,22359.0859375
142.29374837875366,1,3552.2,9275.23828125,22359.0859375
143.3206558227539,1,3699.6,9820.76171875,22359.0859375
144.34198451042175,1,2240.9,10385.828125,22359.0859375
145.3497395515442,1,2518.8,10425.85546875,22359.0859375
146.36089897155762,1,1891.0,10828.01171875,22359.0859375
147.36802291870117,1,2486.9,2407.3203125,22359.0859375
148.3767523765564,1,3832.9,4848.828125,22359.0859375
149.3975522518158,1,4555.9,5942.8359375,22375.0859375
150.4116189479828,1,3960.4,6878.79296875,22375.0859375
151.4235851764679,1,3216.7,7516.55078125,22375.0859375
152.43074369430542,1,2182.4,7577.625,22375.0859375
153.44192934036255,1,1564.3,1884.34765625,22375.0859375
154.4499614238739,1,101.2,1772.62890625,22375.0859375
155.45818519592285,1,164.7,1724.47265625,22375.0859375
156.4660484790802,1,1018.0,4626.26953125,27495.15234375
157.47729396820068,1,1303.4,2069.98046875,28615.1328125
158.4867503643036,1,3618.3,3944.59375,28615.1328125
159.51399302482605,1,4172.0,5399.375,28797.1328125
160.52412915229797,1,2492.5,5720.99609375,28909.1328125
161.53228330612183,1,1802.0,4465.06640625,30957.1484375
162.54074573516846,1,3196.3,4739.75,28909.1328125
163.56096768379211,1,4394.3,6506.578125,29065.1328125
164.5714840888977,1,3227.0,6672.7421875,29065.1328125
165.57916355133057,1,3542.8,7489.57421875,29065.1328125
166.5866618156433,1,2870.4,7440.0078125,29065.1328125
167.59774160385132,1,1699.2,2348.26953125,27017.1015625
168.61874198913574,1,4678.7,2243.24609375,27017.1015625
169.63895058631897,1,4682.2,2148.4296875,27017.1015625
170.65174651145935,1,4210.2,2175.61328125,27017.1015625
171.67173886299133,1,4626.6,2161.79296875,27017.1015625
172.6927409172058,1,2305.6,2258.3125,30089.1953125
173.70574164390564,1,4542.0,2414.13671875,32137.2265625
174.7267529964447,1,4645.2,2461.66015625,32137.2265625
175.75108551979065,1,2339.0,2904.99609375,33161.1953125
176.77893090248108,1,4001.7,6268.80078125,33409.1953125
177.79242753982544,1,3856.3,6689.66015625,33409.1953125
178.80091619491577,1,2505.7,6917.32421875,33409.1953125
179.8115303516388,1,1696.9,3883.37890625,33409.1953125
180.82075262069702,1,3853.7,5642.8984375,33459.1953125
181.84901785850525,1,4349.4,6731.9375,33699.1953125
182.85816979408264,1,2681.8,6906.8359375,33699.1953125
183.86630725860596,1,1711.8,5439.46484375,35747.2109375
184.87551283836365,1,3385.2,4851.53125,33699.1953125
185.888742685318,1,4475.9,6685.9375,33787.1953125
186.89829349517822,1,2929.0,6935.90234375,33787.1953125
187.9064862728119,1,2191.7,3999.9375,35835.2109375
188.91563892364502,1,2335.9,4886.26171875,33787.1953125
189.92374277114868,1,4370.7,6561.32421875,33883.1953125
190.94593477249146,1,3638.3,6809.33203125,33883.1953125
191.95774698257446,1,2419.0,6907.0078125,33883.1953125
192.96897315979004,1,1680.2,4156.515625,34011.1953125
193.9777500629425,1,4278.9,5932.1796875,34055.1953125
194.99149751663208,1,3647.8,6613.2578125,34055.1953125
196.00375747680664,1,2897.4,6792.375,34055.1953125
197.01544642448425,1,1441.0,3737.80859375,34055.1953125
198.026752948761,1,4000.0,5780.41796875,34055.1953125
199.05202221870422,1,4059.8,6570.87890625,34155.1953125
200.06457448005676,1,2648.8,6799.0,34155.1953125
201.0722815990448,1,1673.1,3648.25,34155.1953125
202.08064103126526,1,3579.0,5023.0546875,34155.1953125
203.10595154762268,1,4318.7,6635.9765625,34259.1953125
204.11556887626648,1,3108.2,6935.578125,34259.1953125
205.12245512008667,1,1879.0,4893.4140625,36307.2109375
206.132746219635,1,2880.3,4991.41796875,34259.1953125
207.1507441997528,1,4510.8,6657.9375,34303.1953125
208.16087746620178,1,3358.1,6931.53125,34303.1953125
209.16830348968506,1,2277.1,5498.51171875,34303.1953125
210.17611122131348,1,1958.6,4711.77734375,34303.1953125
211.1897430419922,1,4541.1,6449.55859375,34407.1953125
212.19977498054504,1,3596.4,6723.6953125,34407.1953125
213.21757411956787,1,2689.2,6812.69921875,34407.1953125
214.22674179077148,1,1680.7,3805.609375,34407.1953125
215.24340963363647,1,4133.3,6462.34765625,34471.1953125
216.25733017921448,1,3607.8,6723.07421875,34471.1953125
217.26975274085999,1,2725.1,6991.3984375,34471.1953125
218.28158593177795,1,1626.8,3836.375,34471.1953125
219.2917537689209,1,3915.7,5826.4296875,34495.1953125
220.3147578239441,1,4050.9,6676.25,34539.1953125
221.33682084083557,1,2680.1,6854.00390625,34539.1953125
222.3449559211731,1,1665.2,3620.07421875,34539.1953125
223.35374665260315,1,3509.5,5012.23828125,34539.1953125
224.37398743629456,1,4417.2,6632.58984375,34607.1953125
225.3840730190277,1,2955.6,6939.80859375,34607.1953125
226.39202737808228,1,2087.0,4306.6328125,36655.2109375
227.40174341201782,1,2415.9,4941.4296875,34607.1953125
228.4204225540161,1,4457.7,6720.67578125,34647.1953125
229.43274426460266,1,3556.2,6891.59375,34647.1953125
230.4465115070343,1,2476.6,6925.0234375,34647.1953125
231.4567050933838,1,1688.8,4281.96484375,34647.1953125
232.4642527103424,1,4284.2,6067.71875,34671.1953125
233.4783070087433,1,3729.6,6778.09375,34671.1953125
234.49074029922485,1,2989.8,6937.96875,34671.1953125
235.50214552879333,1,1295.3,3958.8515625,34671.1953125
236.51157784461975,1,2886.7,5440.2109375,34671.1953125
237.5227439403534,1,3950.9,8677.69140625,34671.1953125
238.54375410079956,1,4602.0,10324.90625,39791.1953125
239.5707516670227,1,4467.5,10962.74609375,39815.1953125
240.5867564678192,1,3863.1,11622.515625,39815.1953125
241.60349106788635,1,3681.5,11676.171875,39815.1953125
242.61503911018372,1,3008.4,12201.08203125,39815.1953125
243.62598180770874,1,3858.7,13623.21484375,39815.1953125
244.64742636680603,1,2686.0,14109.546875,39975.1953125
245.65674304962158,1,2503.0,14280.53125,39975.1953125
246.6685185432434,1,3940.1,14499.98046875,39975.1953125
247.67646646499634,1,623.1,3780.66015625,42023.2109375
248.68574833869934,1,2266.1,3847.24609375,39975.1953125
249.7122483253479,1,3762.6,7960.17578125,39975.1953125
250.71887683868408,1,4335.1,8434.015625,39975.1953125
251.72950673103333,1,4559.5,8975.3125,39975.1953125
252.73874926567078,1,4291.3,11714.890625,39975.1953125
253.759756565094,1,3737.4,11899.953125,39975.1953125
254.78337168693542,1,2917.3,12137.73046875,39975.1953125
255.79228711128235,1,4188.6,13478.6953125,39975.1953125
256.80300760269165,1,3301.7,14317.78125,39975.1953125
257.81058502197266,1,1472.8,14213.9375,39975.1953125
258.8197419643402,1,4348.1,14503.1953125,39975.1953125
259.83725357055664,1,1558.6,14715.078125,39975.1953125
260.8459641933441,1,1489.2,3554.7421875,39975.1953125
261.85591077804565,1,3196.2,6401.9609375,39975.1953125
262.86874079704285,1,4296.8,8483.046875,39975.1953125
263.88975739479065,1,4621.2,11720.72265625,39975.1953125
264.9155902862549,1,4365.8,11614.56640625,39975.1953125
265.92676043510437,1,3804.0,11865.0234375,39975.1953125
266.9528660774231,1,3199.7,12068.26171875,39975.1953125
267.9667422771454,1,3722.5,12912.015625,39975.1953125
268.97789764404297,1,3957.0,14139.62890625,39975.1953125
269.9855213165283,1,1683.9,14212.24609375,39975.1953125
270.99474811553955,1,3461.4,14351.83984375,39975.1953125
272.006472826004,1,2615.0,14620.1953125,39975.1953125
273.01530289649963,1,897.2,3209.8359375,39975.1953125
274.0247976779938,1,3114.1,4300.890625,39975.1953125
275.03374314308167,1,3864.9,8374.91015625,39975.1953125
276.0547525882721,1,4617.6,10306.12109375,39975.1953125
277.08078050613403,1,4591.5,11040.28125,39975.1953125
278.0967483520508,1,3855.5,11791.26953125,39975.1953125
279.1117477416992,1,3501.5,11944.47265625,39975.1953125
280.1357400417328,1,3170.1,12494.85546875,39975.1953125
281.14774322509766,1,4322.2,13934.4453125,39975.1953125
282.167311668396,1,2310.7,14255.23828125,39975.1953125
283.17574191093445,1,2763.6,14591.77734375,39975.1953125
284.1905674934387,1,3452.4,14732.39453125,39975.1953125
285.19898319244385,1,579.1,4824.8515625,42023.2109375
286.21075201034546,1,2750.8,4509.01953125,39975.1953125
287.22574257850647,1,4372.7,6975.2890625,39975.1953125
288.24599051475525,1,4549.7,8192.30859375,39975.1953125
289.25768423080444,1,3995.4,9928.2890625,39975.1953125
290.27075815200806,1,3164.4,10218.35546875,39975.1953125
291.28528881073,1,4098.1,11290.4453125,39975.1953125
292.29437017440796,1,2917.0,12003.015625,39975.1953125
293.2997450828552,1,2663.6,12149.37890625,39975.1953125
294.31158089637756,1,2761.4,12335.765625,39975.1953125
295.321830034256,1,833.5,3272.20703125,39975.1953125
296.33113265037537,1,3393.1,6322.75390625,39975.1953125
297.3407518863678,1,4435.4,8442.1796875,39975.1953125
298.3737428188324,1,4284.1,9536.45703125,39975.1953125
299.3957495689392,1,3198.5,9879.98046875,39975.1953125
300.4210982322693,1,3854.0,10884.859375,39975.1953125
301.4290370941162,1,2654.3,11471.71484375,39975.1953125
302.4388437271118,1,3081.7,11399.37109375,39975.1953125
303.45034527778625,1,2054.5,11783.44921875,39975.1953125
304.457750082016,1,1846.0,4229.19921875,39975.1953125
305.47074365615845,1,4354.9,6004.12109375,39975.1953125
306.4827525615692,1,3711.4,7172.48046875,39975.1953125
307.49796199798584,1,3928.5,8018.60546875,39975.1953125
308.50574135780334,1,2679.0,8288.9296875,39975.1953125
309.5173523426056,1,1713.9,4637.14453125,42023.2109375
310.5261273384094,1,3012.9,5343.28125,39975.1953125
311.53575015068054,1,4320.4,7056.19140625,39975.1953125
312.54444098472595,1,3229.0,7355.56640625,39975.1953125
313.5518264770508,1,3711.6,8290.03125,39975.1953125
314.5617456436157,1,2963.6,8375.37890625,39975.1953125
315.5728237628937,1,1112.5,5284.2421875,44071.2421875
