elapsed_time,nproc,cpu,mem_real,mem_virtual
3.695487976074219e-05,1,0.0,7.01953125,3184.875
1.0060193538665771,1,50.7,101.73046875,778.328125
2.0142171382904053,1,99.2,371.71875,1902.328125
3.021036386489868,1,100.3,629.71484375,3182.328125
4.0276103019714355,1,100.3,913.71484375,3182.328125
5.034502267837524,1,99.3,1145.05859375,5748.328125
6.041806936264038,1,101.3,1427.05859375,5748.328125
7.04949951171875,1,99.2,1709.05859375,5748.328125
8.057177782058716,1,99.2,1991.05859375,5748.328125
9.06359577178955,1,100.4,2048.859375,5236.296875
10.070276260375977,1,100.3,2048.859375,5236.296875
11.079285144805908,1,100.1,2048.859375,5236.296875
12.088741064071655,1,99.1,2048.859375,5236.296875
13.096811056137085,1,100.2,2042.81640625,5236.296875
14.104897737503052,1,100.2,2042.81640625,5236.296875
15.11257266998291,1,296.7,2367.3125,9352.28515625
16.13682246208191,1,4727.1,3083.78515625,10248.78515625
17.15758442878723,1,4766.1,4355.1875,11505.78515625
18.178582191467285,1,4766.9,5220.5625,12477.28515625
19.199581623077393,1,4762.9,6541.25390625,13847.28515625
20.22057819366455,1,4762.0,7625.953125,15203.28515625
21.24158239364624,1,4710.9,7739.83984375,15340.28515625
22.252870321273804,1,3786.4,7741.7109375,15398.28515625
23.263578176498413,1,2631.7,7645.01171875,15490.28515625
24.271944761276245,1,1905.0,7571.6640625,15698.28515625
25.28028631210327,1,1531.1,7542.09375,15874.28515625
26.288673877716064,1,1398.4,7400.1015625,16034.28515625
27.29650855064392,1,1286.9,7554.2265625,16314.28515625
28.304615259170532,1,1070.4,7226.98046875,16314.28515625
29.311943769454956,1,992.7,6730.2578125,16314.28515625
30.319612503051758,1,902.1,6540.14453125,16370.28515625
31.327835083007812,1,902.5,6380.98828125,16370.28515625
32.334588289260864,1,818.5,6187.39453125,16370.28515625
33.34160089492798,1,803.4,6318.4375,16706.28515625
34.34901738166809,1,678.0,6488.77734375,17168.28515625
35.35590386390686,1,511.5,5838.4375,17296.28515625
36.363794565200806,1,503.0,5669.79296875,17296.28515625
37.370694160461426,1,502.5,5501.38671875,17296.28515625
38.38083076477051,1,502.9,5350.640625,17296.28515625
39.39062309265137,1,502.1,5169.49609375,17296.28515625
40.398993492126465,1,502.8,5360.0703125,17296.28515625
41.40877723693848,1,501.1,5398.57421875,17296.28515625
42.41867423057556,1,502.0,5153.30859375,17296.28515625
43.427393198013306,1,500.6,5236.28125,17296.28515625
44.437366008758545,1,501.0,5167.53515625,17296.28515625
45.44700574874878,1,502.2,5474.48828125,17296.28515625
46.456037521362305,1,500.5,5622.1015625,17296.28515625
47.46541714668274,1,501.3,6011.71875,17712.28515625
48.47437572479248,1,503.5,5333.75390625,17712.28515625
49.48289656639099,1,501.7,5239.8046875,17712.28515625
50.49250102043152,1,502.2,5155.30078125,17712.28515625
51.502132415771484,1,503.2,5539.02734375,17712.28515625
52.51142477989197,1,502.3,5366.69921875,17712.28515625
53.521119356155396,1,501.2,5081.16796875,17712.28515625
54.52972960472107,1,502.7,4972.21484375,17712.28515625
55.53902721405029,1,371.5,4680.9921875,17712.28515625
56.54873847961426,1,302.1,5081.953125,17712.28515625
57.55731225013733,1,302.4,5420.375,17712.28515625
58.56696557998657,1,302.1,4928.70703125,17712.28515625
59.5763053894043,1,304.2,5157.703125,17712.28515625
60.58533215522766,1,302.3,4754.5,17712.28515625
61.59520745277405,1,290.1,4770.38671875,17712.28515625
62.60351014137268,1,202.3,4602.703125,17712.28515625
63.613611698150635,1,115.8,4140.40625,17712.28515625
64.62343573570251,1,103.0,3999.94921875,17712.28515625
65.63258910179138,1,104.0,3875.55078125,17712.28515625
66.64247226715088,1,104.0,3715.44140625,17712.28515625
67.65203142166138,1,104.0,3559.8203125,17712.28515625
68.6610038280487,1,103.1,3440.109375,17712.28515625
69.66990828514099,1,101.1,3366.05859375,17712.28515625
70.67900395393372,1,102.1,3757.66015625,17712.28515625
71.68824648857117,1,101.1,3396.6328125,17712.28515625
72.69750022888184,1,101.1,3382.921875,17712.28515625
73.7058322429657,1,101.2,3335.59765625,17712.28515625
74.71478843688965,1,101.1,3307.5625,17712.28515625
75.72432351112366,1,101.0,3264.14453125,17712.28515625
76.73410272598267,1,102.0,3225.35546875,17712.28515625
77.74193596839905,1,101.2,3199.9609375,17712.28515625
78.75148701667786,1,100.0,3380.3828125,17712.28515625
79.76082563400269,1,100.1,3643.02734375,17712.28515625
80.77009129524231,1,100.1,3315.39453125,17712.28515625
81.77838158607483,1,100.2,3315.39453125,17712.28515625
82.78679466247559,1,102.1,3301.9765625,17712.28515625
83.79587602615356,1,100.1,3283.5546875,17712.28515625
84.8043053150177,1,100.2,3473.35546875,17712.28515625
85.81372880935669,1,101.1,3303.46484375,17712.28515625
86.82307577133179,1,102.0,3277.68359375,17712.28515625
87.83239960670471,1,101.1,3250.8203125,17712.28515625
88.84220457077026,1,105.0,1007.109375,17712.28515625
89.85159540176392,1,101.1,971.78125,17712.28515625
90.85972905158997,1,101.2,917.51171875,17712.28515625
91.86838746070862,1,102.1,899.3984375,17792.28515625
92.87856435775757,1,3901.9,1300.5,17792.28515625
93.89557433128357,1,4078.5,1026.73046875,17792.28515625
94.91366291046143,1,3581.3,1036.015625,18428.31640625
95.91956686973572,1,3622.6,2046.59765625,18428.31640625
96.93764448165894,1,4768.6,2001.04296875,18428.31640625
97.95757627487183,1,4395.2,2491.8125,18428.31640625
98.97698903083801,1,4160.1,1138.75390625,19500.37890625
99.98392605781555,1,99.3,1139.75,19500.37890625
100.99129843711853,1,100.3,1119.97265625,19500.37890625
101.99841165542603,1,100.3,1119.9765625,19500.37890625
103.00604939460754,1,101.2,3442.6875,35172.34765625
104.01288414001465,1,99.3,7644.75390625,35172.34765625
105.02031350135803,1,824.0,9809.75,35172.34765625
106.03349304199219,1,1712.1,9626.98828125,35172.34765625
107.04125618934631,1,99.2,9641.0,35172.34765625
108.04795503616333,1,101.3,9652.86328125,35172.34765625
109.05487322807312,1,1870.0,9266.7578125,35172.34765625
110.06215977668762,1,101.3,9326.31640625,35172.34765625
111.07057094573975,1,1669.1,8506.15234375,35172.34765625
112.10257124900818,1,4763.4,7247.7421875,35172.34765625
113.14474773406982,1,4769.0,7220.03515625,35172.34765625
114.19379925727844,1,4405.6,8004.234375,35178.34765625
115.20099115371704,1,100.3,8020.45703125,35178.34765625
116.20793223381042,1,100.3,8026.0,35178.34765625
117.21542763710022,1,100.2,8037.63671875,35178.34765625
118.22262644767761,1,99.3,8045.72265625,35178.34765625
119.2300009727478,1,99.3,8061.72265625,35178.34765625
120.23742699623108,1,101.2,8068.984375,35178.34765625
121.2442057132721,1,100.3,8079.66015625,35178.34765625
122.25101804733276,1,99.3,8084.8828125,35178.34765625
123.2580955028534,1,101.3,8078.2578125,35178.34765625
124.2648138999939,1,101.3,8059.296875,35178.34765625
125.27244853973389,1,100.2,8075.296875,35178.34765625
126.27998685836792,1,99.3,8082.21875,35178.34765625
127.28693914413452,1,101.3,8079.99609375,35178.34765625
128.29380559921265,1,100.3,8031.75390625,35178.34765625
129.30309534072876,1,101.1,8026.8359375,35178.34765625
130.3120846748352,1,99.1,8042.8359375,35178.34765625
131.3210232257843,1,100.1,8058.8359375,35178.34765625
132.33085012435913,1,102.0,7973.91796875,35178.34765625
133.34075832366943,1,99.0,7987.91796875,35178.34765625
134.34969663619995,1,101.1,7980.3046875,35178.34765625
135.35879826545715,1,100.1,7996.3046875,35178.34765625
136.36752915382385,1,100.1,7966.7109375,35178.34765625
137.37616324424744,1,100.1,7982.7109375,35178.34765625
138.38520669937134,1,100.1,7984.55859375,35178.34765625
139.39361190795898,1,101.1,7974.75390625,35178.34765625
140.4019901752472,1,100.2,7953.3984375,35178.34765625
141.41140484809875,1,100.1,7953.203125,35178.34765625
142.42022037506104,1,101.1,7958.34765625,35178.34765625
143.4285249710083,1,99.2,7972.34765625,35178.34765625
144.43789100646973,1,101.1,7957.8125,35178.34765625
145.44658517837524,1,101.1,7941.640625,35178.34765625
146.45671367645264,1,100.0,7932.85546875,35178.34765625
147.46609044075012,1,100.1,7935.453125,35178.34765625
148.47558617591858,1,100.0,7936.07421875,35178.34765625
149.48497080802917,1,100.1,7929.1484375,35178.34765625
150.4935975074768,1,102.1,7913.37109375,35178.34765625
151.50178503990173,1,99.2,7920.57421875,35178.34765625
152.51136565208435,1,101.0,7920.0,35178.34765625
153.51993680000305,1,99.2,7921.39453125,35178.34765625
154.52901601791382,1,102.1,7873.1328125,35178.34765625
155.53856921195984,1,1555.2,3309.18359375,35178.34765625
156.5605890750885,1,1241.6,3346.62109375,35178.34765625
157.5784113407135,1,1954.0,9282.30859375,35198.34765625
158.5865683555603,1,4075.5,10173.0,35198.34765625
159.60146713256836,1,4780.0,10146.6171875,35198.34765625
160.62070608139038,1,4780.3,10135.48046875,35198.34765625
161.63555645942688,1,4778.1,10097.046875,35198.34765625
162.65055632591248,1,4778.3,10097.046875,35198.34765625
163.66513323783875,1,4675.9,10086.92578125,35198.34765625
164.67357087135315,1,4082.9,9807.40625,35198.34765625
165.69192457199097,1,4463.7,8614.30078125,35198.34765625
166.71262741088867,1,4171.3,13444.38671875,47624.34765625
167.7204463481903,1,259.0,21366.38671875,47624.34765625
168.73003482818604,1,4654.5,21365.73828125,47624.34765625
169.73996686935425,1,4286.0,18614.3828125,47624.34765625
170.7486560344696,1,101.1,25052.796875,68128.34765625
171.75543808937073,1,101.3,31584.2734375,68128.34765625
172.76344442367554,1,103.2,34679.74609375,68128.34765625
173.77087092399597,1,105.2,34513.62890625,68128.34765625
174.7787573337555,1,106.2,34232.78515625,68128.34765625
175.78659343719482,1,107.2,33886.8828125,68128.34765625
176.79449701309204,1,106.2,33546.8984375,68128.34765625
177.8021218776703,1,105.2,33266.73046875,68128.34765625
178.80858373641968,1,102.3,32962.4609375,68128.34765625
179.8152310848236,1,103.3,32768.8125,68128.34765625
180.82258892059326,1,2304.9,32780.8984375,68128.34765625
181.83256888389587,1,2454.8,33949.04296875,68128.34765625
182.85321164131165,1,2533.5,33540.390625,68128.34765625
183.8627486228943,1,3152.9,36063.40625,68128.34765625
184.87257170677185,1,2401.7,33682.328125,68128.34765625
185.89328694343567,1,846.3,36517.07421875,68128.34765625
186.90356636047363,1,3884.8,38268.5625,68128.34765625
187.9185290336609,1,2471.0,36752.05859375,68128.34765625
188.93804812431335,1,2958.9,34949.3671875,68128.34765625
189.945387840271,1,1311.4,36617.8515625,92704.34765625
190.95250940322876,1,103.3,41141.2265625,92704.34765625
191.9605712890625,1,4040.9,43693.62109375,92704.34765625
192.97920155525208,1,4759.6,44636.2578125,92704.34765625
193.99888563156128,1,889.4,41210.3828125,92704.34765625
195.00653219223022,1,4139.7,39784.37890625,92704.34765625
196.02652025222778,1,2484.5,37205.265625,92704.34765625
197.03273272514343,1,2300.8,34556.89453125,92704.34765625
198.03957343101501,1,4335.1,17854.79296875,92704.34765625
199.0595679283142,1,4728.5,17466.8515625,92704.34765625
200.0795738697052,1,4761.8,17167.2265625,92704.34765625
201.09957456588745,1,4753.0,16914.12109375,92704.34765625
202.11883401870728,1,4136.9,17345.06640625,92704.34765625
203.12779068946838,1,3549.7,17088.80078125,92704.34765625
204.13456654548645,1,3000.6,8622.12109375,92704.34765625
205.15268445014954,1,4059.5,8777.01171875,92704.34765625
206.1616940498352,1,2751.2,10270.03125,92704.34765625
207.17156386375427,1,3360.0,9403.01171875,92704.34765625
208.18650102615356,1,4510.4,9053.6796875,92704.34765625
209.19224977493286,1,2615.2,8405.28125,92704.34765625
210.19838309288025,1,2640.7,8777.9296875,92704.34765625
211.2170615196228,1,4075.9,8381.65625,92704.34765625
212.23585081100464,1,1293.5,4544.01953125,92704.34765625
213.24271774291992,1,100.3,8559.02734375,92704.34765625
214.24983072280884,1,1136.9,9819.49609375,92704.34765625
215.256356716156,1,1403.1,9669.51953125,92704.34765625
216.26337027549744,1,99.3,9680.76171875,92704.34765625
217.27032279968262,1,565.0,9227.74609375,92704.34765625
218.2924120426178,1,1444.0,9308.91796875,92704.34765625
219.2997326850891,1,427.9,8751.57421875,92704.34765625
220.30656695365906,1,3341.3,8515.4296875,92704.34765625
221.35361289978027,1,4766.0,7247.0078125,92704.34765625
222.39256596565247,1,4782.5,7210.38671875,92704.34765625
223.43931937217712,1,2364.2,8046.14453125,92704.34765625
224.44676303863525,1,100.3,8061.87109375,92704.34765625
225.45344805717468,1,100.3,8070.36328125,92704.34765625
226.46092104911804,1,99.3,8083.64453125,92704.34765625
227.46758913993835,1,100.3,8091.75390625,92704.34765625
228.47523403167725,1,99.2,8107.75390625,92704.34765625
229.4818298816681,1,100.3,8107.80078125,92704.34765625
230.49029445648193,1,101.2,8117.9453125,92704.34765625
231.49573826789856,1,99.4,8131.9453125,92704.34765625
232.50294828414917,1,100.3,8135.93359375,92704.34765625
233.51033329963684,1,100.3,8143.20703125,92704.34765625
234.51982069015503,1,101.1,8139.35546875,92704.34765625
235.52773237228394,1,100.2,8119.984375,92704.34765625
236.53639793395996,1,101.1,8125.4140625,92704.34765625
237.5445203781128,1,101.2,8091.59765625,92704.34765625
238.55367612838745,1,99.1,8099.0,92704.34765625
239.56365823745728,1,101.0,8087.4375,92704.34765625
240.57290697097778,1,100.1,8085.78125,92704.34765625
241.5833671092987,1,100.0,8060.52734375,92704.34765625
242.59263968467712,1,101.1,8063.703125,92704.34765625
243.60193634033203,1,99.1,8044.76953125,92704.34765625
244.61157751083374,1,102.0,8010.03125,92704.34765625
245.62080240249634,1,100.1,8026.03125,92704.34765625
246.63036465644836,1,100.0,8013.9921875,92704.34765625
247.63864946365356,1,100.2,8027.9921875,92704.34765625
248.64693927764893,1,100.2,8008.9453125,92704.34765625
249.6560480594635,1,100.1,8024.9453125,92704.34765625
250.66424465179443,1,100.2,7998.29296875,92704.34765625
251.6731460094452,1,100.1,7984.67578125,92704.34765625
252.68168020248413,1,100.1,8000.67578125,92704.34765625
253.6900441646576,1,100.2,7979.34375,92704.34765625
254.6997880935669,1,101.0,7985.55078125,92704.34765625
255.70826959609985,1,100.1,7956.43359375,92704.34765625
256.7171514034271,1,100.1,7972.43359375,92704.34765625
257.72532391548157,1,100.2,7964.390625,92704.34765625
258.7348132133484,1,101.0,7943.41796875,92704.34765625
259.7441110610962,1,100.1,7920.453125,92704.34765625
260.75346398353577,1,101.0,7918.859375,92704.34765625
261.7618715763092,1,100.2,7934.859375,92704.34765625
262.77150321006775,1,101.0,7905.484375,92704.34765625
263.7797095775604,1,99.2,7921.484375,92704.34765625
264.7885708808899,1,1864.6,3331.35546875,92704.34765625
265.80358028411865,1,1229.5,4095.8671875,92704.34765625
266.8275682926178,1,2312.7,9304.9921875,92704.34765625
267.8425667285919,1,4187.2,10189.80859375,92704.34765625
268.8575234413147,1,4778.4,10183.046875,92704.34765625
269.8774518966675,1,4777.8,10156.21484375,92704.34765625
270.89656472206116,1,4779.8,10132.72265625,92704.34765625
271.9155685901642,1,4780.1,10132.72265625,92704.34765625
272.9345679283142,1,4479.9,10644.7265625,92704.34765625
273.95056533813477,1,4506.9,9844.81640625,92704.34765625
274.96557784080505,1,4440.0,10046.578125,92704.34765625
275.9860427379608,1,3213.1,15641.03125,92924.34765625
276.9943175315857,1,1619.5,21380.7265625,92924.34765625
278.00448656082153,1,4658.4,21376.8046875,92924.34765625
279.0147080421448,1,2774.3,20958.41015625,92924.34765625
280.0227437019348,1,101.2,27588.9921875,92924.34765625
281.03007411956787,1,102.3,34101.22265625,92924.34765625
282.0378806591034,1,104.2,34864.4765625,92924.34765625
283.0452606678009,1,106.2,34667.87109375,92924.34765625
284.05258989334106,1,107.2,34329.6328125,92924.34765625
285.06071043014526,1,107.1,33937.625,92924.34765625
286.06830644607544,1,106.2,33499.609375,92924.34765625
287.0749545097351,1,104.3,33197.0234375,92924.34765625
288.08175802230835,1,102.3,32922.046875,92924.34765625
289.09039187431335,1,719.8,32815.6875,92924.34765625
290.1035714149475,1,2491.1,33089.13671875,92924.34765625
291.1120364665985,1,2515.5,34595.49609375,92924.34765625
292.1215054988861,1,1697.8,34600.38671875,92924.34765625
293.13121819496155,1,3240.5,35040.23046875,92924.34765625
294.14028549194336,1,2997.4,33456.328125,92924.34765625
295.14957094192505,1,392.3,37758.96875,92924.34765625
296.16956758499146,1,4767.6,38340.16796875,92924.34765625
297.1894679069519,1,2546.3,36694.58984375,92924.34765625
298.20816135406494,1,2518.7,34391.53515625,92924.34765625
299.2162506580353,1,457.3,37850.52734375,92924.34765625
300.22457361221313,1,664.6,43287.109375,92924.34765625
301.24311351776123,1,4771.6,43621.92578125,92924.34765625
302.2636938095093,1,4009.5,47209.50390625,92924.34765625
303.2705705165863,1,1026.9,39771.77734375,92924.34765625
304.2893843650818,1,3525.3,41341.3125,92924.34765625
305.2965712547302,1,2579.8,35854.3671875,92924.34765625
306.31472992897034,1,3050.5,17963.88671875,92924.34765625
307.334570646286,1,4749.7,17674.2578125,92924.34765625
308.35558009147644,1,4767.7,17370.98828125,92924.34765625
309.37528705596924,1,4744.7,17079.76171875,92924.34765625
310.3955729007721,1,4750.8,16809.13671875,92924.34765625
311.41557025909424,1,4099.0,17381.1484375,92924.34765625
312.43377161026,1,3035.9,17076.61328125,92924.34765625
313.44256615638733,1,3555.6,8773.73828125,92924.34765625
314.4607970714569,1,3352.8,9757.828125,92924.34765625
315.4705922603607,1,2659.5,8916.33203125,92924.34765625
316.4795660972595,1,4039.2,9447.31640625,92924.34765625
317.49770951271057,1,4403.0,8908.84375,92924.34765625
318.5169880390167,1,1501.9,8560.0703125,92924.34765625
319.5245683193207,1,4266.3,8686.53515625,92924.34765625
320.53952956199646,1,3583.8,2068.71875,92924.34765625
321.54650115966797,1,100.3,6103.2890625,92924.34765625
322.5537278652191,1,299.9,10030.875,92924.34765625
323.5605728626251,1,2006.1,9626.234375,92924.34765625
324.59857273101807,1,289.0,9647.9296875,92924.34765625
325.60556983947754,1,100.3,9655.14453125,92924.34765625
326.61248779296875,1,1878.9,9261.43359375,92924.34765625
327.6195878982544,1,100.3,9295.65625,92924.34765625
328.62670636177063,1,1118.9,8701.359375,92924.34765625
329.634569644928,1,4214.1,7217.08984375,92924.34765625
330.6768100261688,1,4782.1,7208.2890625,92924.34765625
331.7225742340088,1,4782.9,7187.640625,92924.34765625
332.77167773246765,1,1057.0,8038.93359375,92924.34765625
333.7795672416687,1,101.2,8049.93359375,92924.34765625
334.7849283218384,1,99.4,8063.93359375,92924.34765625
335.79209303855896,1,99.3,8079.93359375,92924.34765625
336.799329996109,1,100.3,8095.93359375,92924.34765625
337.80603861808777,1,99.3,8111.93359375,92924.34765625
338.8125340938568,1,101.3,8105.43359375,92924.34765625
339.82012701034546,1,99.3,8121.43359375,92924.34765625
340.82750248908997,1,100.3,8135.43359375,92924.34765625
341.8344795703888,1,100.3,8129.2734375,92924.34765625
342.8415424823761,1,100.3,8145.2734375,92924.34765625
343.8480396270752,1,100.4,8134.55859375,92924.34765625
344.85689306259155,1,101.1,8150.55859375,92924.34765625
345.86660504341125,1,100.0,8099.01171875,92924.34765625
346.87599897384644,1,100.1,8115.01171875,92924.34765625
347.88457584381104,1,100.1,8075.828125,92924.34765625
348.8935968875885,1,101.1,8091.828125,92924.34765625
349.9025843143463,1,100.1,8059.578125,92924.34765625
350.9110050201416,1,101.1,8040.1796875,92924.34765625
351.9196743965149,1,100.1,8025.12109375,92924.34765625
352.92889285087585,1,100.1,8023.3671875,92924.34765625
353.9375419616699,1,100.1,8023.95703125,92924.34765625
354.94680285453796,1,101.1,8008.73046875,92924.34765625
355.95550537109375,1,100.1,8001.7265625,92924.34765625
356.9648973941803,1,100.1,8010.03125,92924.34765625
357.9743502140045,1,101.0,8000.6640625,92924.34765625
358.9837386608124,1,99.1,8002.234375,92924.34765625
359.9925215244293,1,101.1,8004.20703125,92924.34765625
361.0015387535095,1,100.1,8007.12890625,92924.34765625
362.00980019569397,1,101.2,7993.4921875,92924.34765625
363.0191638469696,1,99.1,8000.2890625,92924.34765625
364.02817368507385,1,101.1,7987.52734375,92924.34765625
365.0368013381958,1,101.1,7969.96484375,92924.34765625
366.04603910446167,1,99.1,7962.32421875,92924.34765625
367.05582094192505,1,101.0,7959.7109375,92924.34765625
368.06512665748596,1,101.1,7939.58984375,92924.34765625
369.07400345802307,1,99.1,7941.78515625,92924.34765625
370.0826756954193,1,101.1,7927.11328125,92924.34765625
371.09162306785583,1,99.1,7926.296875,92924.34765625
372.1001133918762,1,101.1,7905.140625,92924.34765625
373.1085686683655,1,1615.4,3337.9609375,92924.34765625
374.14457988739014,1,1301.2,3998.671875,92924.34765625
375.1645677089691,1,2273.7,9308.53125,92924.34765625
376.17956709861755,1,4189.2,10206.5234375,92924.34765625
377.19558358192444,1,4781.3,10177.1015625,92924.34765625
378.21444034576416,1,4778.9,10177.1015625,92924.34765625
379.23356580734253,1,4778.8,10150.4765625,92924.34765625
380.2525722980499,1,4775.1,10150.4765625,92924.34765625
381.2715713977814,1,4465.1,10644.5625,92924.34765625
382.28982043266296,1,4605.9,9874.59375,92924.34765625
383.30968022346497,1,4405.2,9925.9609375,92924.34765625
384.33385276794434,1,3241.6,15678.71484375,93168.34765625
385.34062790870667,1,1625.1,21382.71875,93168.34765625
386.3505256175995,1,4674.7,21378.44921875,93168.34765625
387.3608272075653,1,2814.8,20816.55859375,93168.34765625
388.368949174881,1,100.2,27358.3984375,93168.34765625
389.37631034851074,1,102.2,33790.859375,93168.34765625
390.3839931488037,1,103.2,34828.70703125,93168.34765625
391.39189863204956,1,104.2,34652.02734375,93168.34765625
392.39966654777527,1,105.2,34365.24609375,93168.34765625
393.4071955680847,1,106.2,34062.28125,93168.34765625
394.41443371772766,1,107.2,33717.45703125,93168.34765625
395.4218919277191,1,106.2,33374.1015625,93168.34765625
396.42886233329773,1,103.3,33090.55078125,93168.34765625
397.435094833374,1,102.3,32855.23046875,93168.34765625
398.44456815719604,1,2393.6,33385.21484375,93168.34765625
399.4655635356903,1,2789.5,34019.5859375,93168.34765625
400.4805245399475,1,1818.4,34146.39453125,93168.34765625
401.48863983154297,1,3008.7,36946.86328125,93168.34765625
402.49656796455383,1,2947.1,33444.65625,93168.34765625
403.50560784339905,1,575.7,38151.30859375,93168.34765625
404.52457880973816,1,4781.7,38302.2421875,93168.34765625
405.54768347740173,1,2534.3,36687.80078125,93168.34765625
406.56716227531433,1,2348.5,34217.09765625,93168.34765625
407.5823276042938,1,394.9,38196.9375,93168.34765625
408.5915701389313,1,1039.6,43856.65625,93168.34765625
409.6102044582367,1,4775.2,43645.45703125,93168.34765625
410.6319124698639,1,3603.3,47613.0859375,93168.34765625
411.6395728588104,1,1465.9,39793.609375,93168.34765625
412.6584231853485,1,3076.2,41807.62109375,93168.34765625
413.6665725708008,1,3025.3,35865.8125,93168.34765625
414.6855719089508,1,2992.1,17969.30078125,93168.34765625
415.70557975769043,1,4742.8,17668.29296875,93168.34765625
416.7255766391754,1,4761.9,17343.67578125,93168.34765625
417.74727487564087,1,4752.1,17060.6640625,93168.34765625
418.7675733566284,1,4753.4,16817.8984375,93168.34765625
419.79057335853577,1,4154.6,17471.8125,93168.34765625
420.8017752170563,1,2959.0,17130.640625,93168.34765625
421.80956649780273,1,3735.8,8757.43359375,93168.34765625
422.8276836872101,1,3172.5,10272.4296875,93168.34765625
423.8461682796478,1,2591.2,9093.0546875,93168.34765625
424.86256551742554,1,4451.1,9385.17578125,93168.34765625
425.8806676864624,1,4272.5,8800.70703125,93168.34765625
426.8956000804901,1,1611.0,8420.46875,93168.34765625
427.9025685787201,1,3751.7,8759.33203125,93168.34765625
428.9175944328308,1,3791.6,2346.40234375,93680.35546875
429.9257814884186,1,100.2,5936.609375,93168.34765625
430.93264174461365,1,100.3,9950.93359375,93168.34765625
431.9415717124939,1,1886.3,9678.515625,93168.34765625
432.96859908103943,1,611.4,9660.796875,93168.34765625
433.9757959842682,1,101.3,9669.09765625,93168.34765625
434.98409843444824,1,1929.9,9285.26953125,93168.34765625
435.9920301437378,1,100.2,9336.37109375,93168.34765625
436.99939799308777,1,1140.6,8739.92578125,93168.34765625
438.00755739212036,1,4045.2,7260.0625,93168.34765625
439.0525679588318,1,4778.1,7256.3359375,93168.34765625
440.09715819358826,1,4780.0,7228.44140625,93168.34765625
441.1461932659149,1,1042.8,8080.0390625,93168.34765625
442.15292835235596,1,100.3,8088.9375,93168.34765625
443.15967774391174,1,100.3,8096.9921875,93168.34765625
444.1663897037506,1,99.3,8112.9921875,93168.34765625
445.1733310222626,1,101.3,8122.8125,93168.34765625
446.1812608242035,1,99.2,8136.8125,93168.34765625
447.18797731399536,1,100.3,8140.20703125,93168.34765625
448.19458174705505,1,100.3,8156.20703125,93168.34765625
449.20143604278564,1,100.3,8163.51953125,93168.34765625
450.2079677581787,1,99.4,8179.51953125,93168.34765625
451.2154631614685,1,101.2,8170.94921875,93168.34765625
452.224036693573,1,99.2,8186.94921875,93168.34765625
453.23364186286926,1,102.0,8158.28125,93168.34765625
454.2422881126404,1,100.1,8152.0234375,93168.34765625
455.2511217594147,1,100.1,8163.8984375,93168.34765625
456.2597014904022,1,99.1,8148.03515625,93168.34765625
457.26892828941345,1,101.1,8149.52734375,93168.34765625
458.27795362472534,1,102.1,8082.734375,93168.34765625
459.28741669654846,1,99.1,8098.734375,93168.34765625
460.2964737415314,1,102.1,8037.40234375,93168.34765625
461.30608582496643,1,100.0,8051.1171875,93168.34765625
462.31563329696655,1,101.0,8009.41015625,93168.34765625
463.32407999038696,1,99.2,8025.41015625,93168.34765625
464.3336465358734,1,101.0,7982.67578125,93168.34765625
465.3420617580414,1,100.2,7996.67578125,93168.34765625
466.3515257835388,1,100.1,7985.76171875,93168.34765625
467.35978293418884,1,101.2,7991.92578125,93168.34765625
468.3693082332611,1,99.1,7992.0703125,93168.34765625
469.37849617004395,1,101.1,7997.58203125,93168.34765625
470.38854455947876,1,99.0,7994.9765625,93168.34765625
471.3969235420227,1,101.2,7981.6640625,93168.34765625
472.40670228004456,1,100.0,7991.921875,93168.34765625
473.415061712265,1,100.2,7985.43359375,93168.34765625
474.4245984554291,1,100.0,8001.43359375,93168.34765625
475.4334738254547,1,100.1,7983.40234375,93168.34765625
476.442764043808,1,100.1,7987.08203125,93168.34765625
477.4527041912079,1,101.0,7987.3984375,93168.34765625
478.46239137649536,1,100.0,7994.125,93168.34765625
479.47224497795105,1,100.0,7992.30078125,93168.34765625
480.4811587333679,1,101.1,7972.7890625,93168.34765625
481.49036955833435,1,99.1,7980.84765625,93168.34765625
482.499568939209,1,1746.2,3473.0625,93168.34765625
483.5074179172516,1,1418.6,5623.33203125,93168.34765625
484.5155682563782,1,3198.5,9384.6953125,93168.34765625
485.53356528282166,1,4177.8,10228.27734375,93168.34765625
486.5516483783722,1,4776.5,10228.27734375,93168.34765625
487.5715672969818,1,4778.0,10174.359375,93168.34765625
488.59043288230896,1,4780.9,10174.359375,93168.34765625
489.61189913749695,1,4773.5,10145.515625,93168.34765625
490.6297695636749,1,4385.7,10657.51953125,93168.34765625
491.64657044410706,1,4445.2,9484.16796875,93168.34765625
492.6647846698761,1,4527.3,11162.41796875,93168.34765625
493.6856999397278,1,2113.6,17613.33984375,93360.34765625
494.69382429122925,1,2639.7,21394.3125,93360.34765625
495.70394706726074,1,4675.0,21388.51171875,93360.34765625
496.71404671669006,1,1752.1,21827.2421875,93360.34765625
497.7212176322937,1,100.3,28490.828125,93360.34765625
498.7281885147095,1,103.3,34494.2265625,93360.34765625
499.73531794548035,1,102.3,34382.01953125,93360.34765625
500.7417058944702,1,104.3,34176.05078125,93360.34765625
501.74922227859497,1,106.2,33882.87109375,93360.34765625
502.7559154033661,1,106.3,33586.48046875,93360.34765625
503.76322722435,1,104.2,33260.1328125,93360.34765625
504.7708261013031,1,103.2,33016.1484375,93360.34765625
505.77886867523193,1,102.2,32792.19140625,93360.34765625
506.78792572021484,1,1292.3,32779.97265625,93360.34765625
507.7999258041382,1,2572.2,32774.77734375,93360.34765625
508.80981397628784,1,2699.0,33537.91796875,93360.34765625
509.8205666542053,1,1741.4,35362.79296875,93360.34765625
510.84482192993164,1,3652.4,34682.5625,93360.34765625
511.8620984554291,1,1931.4,34659.7265625,93360.34765625
512.8715665340424,1,2214.3,38383.97265625,93360.34765625
513.8922431468964,1,3692.1,40734.83203125,93360.34765625
514.8995714187622,1,2415.6,35443.94921875,93360.34765625
515.9178259372711,1,2365.5,35005.94140625,93360.34765625
516.9250440597534,1,103.3,39842.890625,93360.34765625
517.9335706233978,1,2761.8,43821.03125,93360.34765625
518.9519765377045,1,4772.4,43571.9765625,93360.34765625
519.9686431884766,1,1840.0,48872.625,93360.34765625
520.9765691757202,1,3203.9,39792.6796875,93360.34765625
521.9953634738922,1,2509.7,37219.59375,93360.34765625
523.0155999660492,1,2852.6,35200.71484375,93360.34765625
524.0225749015808,1,3746.7,17918.88671875,93360.34765625
525.0435802936554,1,4744.2,17567.93359375,93360.34765625
526.0625693798065,1,4765.6,17247.05078125,93360.34765625
527.0867207050323,1,4749.2,16936.69140625,93360.34765625
528.1085782051086,1,4604.2,17021.8046875,93360.34765625
529.1255738735199,1,3204.8,17246.2578125,93360.34765625
530.1445708274841,1,3045.3,17059.140625,93360.34765625
531.1510009765625,1,3973.8,8936.109375,93360.34765625
532.1580016613007,1,3182.6,10171.89453125,93360.34765625
533.1695854663849,1,2505.2,9493.6328125,93360.34765625
534.1855669021606,1,4555.6,9618.51953125,93360.34765625
535.2005512714386,1,3617.8,8457.52734375,93360.34765625
536.2075664997101,1,1628.5,8842.8125,93360.34765625
537.22572016716,1,4180.3,8267.8515625,93360.34765625
538.2308866977692,1,2593.2,3292.5625,93360.34765625
539.2384099960327,1,100.2,7369.2265625,93360.34765625
540.2475714683533,1,1446.8,7981.1328125,93360.34765625
541.2665812969208,1,645.7,7996.89453125,93360.34765625
542.2749772071838,1,100.2,7995.5859375,93360.34765625
543.2824392318726,1,1490.8,7689.91015625,93360.34765625
544.2895407676697,1,929.4,7233.62890625,93360.34765625
545.2965652942657,1,4282.3,6067.140625,93360.34765625
546.3395664691925,1,4770.8,6042.26953125,93360.34765625
547.38436627388,1,2482.6,6696.37109375,93360.34765625
548.3921122550964,1,100.2,6709.015625,93360.34765625
549.3993010520935,1,100.3,6713.7421875,93360.34765625
550.4063594341278,1,99.3,6723.32421875,93360.34765625
551.4130940437317,1,100.3,6734.19921875,93360.34765625
552.4202771186829,1,100.3,6748.75390625,93360.34765625
553.4270925521851,1,99.3,6751.35546875,93360.34765625
554.4337337017059,1,101.3,6744.4140625,93360.34765625
555.4405961036682,1,100.3,6760.4140625,93360.34765625
556.4484431743622,1,99.2,6776.4140625,93360.34765625
557.4552094936371,1,101.3,6773.04296875,93360.34765625
558.4621579647064,1,100.3,6774.80859375,93360.34765625
559.4688010215759,1,99.3,6777.828125,93360.34765625
560.4785351753235,1,101.0,6762.8046875,93360.34765625
561.4870059490204,1,100.2,6761.63671875,93360.34765625
562.4953384399414,1,101.2,6759.73828125,93360.34765625
563.5049467086792,1,100.0,6712.640625,93360.34765625
564.5138614177704,1,101.1,6694.20703125,93360.34765625
565.5231370925903,1,100.1,6701.1796875,93360.34765625
566.5327713489532,1,101.0,6705.71484375,93360.34765625
567.5420105457306,1,100.1,6654.8046875,93360.34765625
568.5518457889557,1,101.0,6645.34375,93360.34765625
569.5614323616028,1,100.0,6643.6328125,93360.34765625
570.5709655284882,1,100.1,6630.79296875,93360.34765625
571.581020116806,1,101.0,6630.6015625,93360.34765625
572.5904381275177,1,100.1,6644.6015625,93360.34765625
573.5994637012482,1,99.1,6660.6015625,93360.34765625
574.6087696552277,1,101.1,6609.875,93360.34765625
575.6175966262817,1,100.1,6593.10546875,93360.34765625
576.6269655227661,1,100.1,6609.10546875,93360.34765625
577.6366016864777,1,100.0,6612.8046875,93360.34765625
578.6464030742645,1,100.0,6612.00390625,93360.34765625
579.6565692424774,1,1363.2,3031.8828125,93360.34765625
580.6817755699158,1,1222.1,4972.02734375,93360.34765625
581.6915678977966,1,3127.7,8537.7109375,93360.34765625
582.712564945221,1,4196.1,9435.703125,93360.34765625
583.7315664291382,1,4780.1,9423.5703125,93360.34765625
584.7505214214325,1,4781.4,9406.02734375,93360.34765625
585.7702660560608,1,4778.7,9406.02734375,93360.34765625
586.7899560928345,1,4781.1,9399.0546875,93360.34765625
587.8065764904022,1,4475.1,9886.91796875,93360.34765625
588.8265755176544,1,4452.0,8734.91796875,93360.34765625
589.8465814590454,1,4508.7,11018.75,93360.34765625
590.8670513629913,1,1373.8,18083.328125,93440.34765625
591.8741400241852,1,3448.0,20336.03125,93440.34765625
592.8839933872223,1,4629.4,20335.85546875,93440.34765625
593.8944363594055,1,1008.3,22126.7421875,93440.34765625
594.901983499527,1,100.3,28700.03515625,93440.34765625
595.9097805023193,1,104.2,33512.7109375,93440.34765625
596.917013168335,1,102.3,33344.1484375,93440.34765625
597.9237277507782,1,104.3,33139.1953125,93440.34765625
598.9305002689362,1,104.3,32916.27734375,93440.34765625
599.9381947517395,1,105.2,32642.44140625,93440.34765625
600.9453387260437,1,103.3,32409.39453125,93440.34765625
601.953262090683,1,102.2,32171.93359375,93440.34765625
602.9599492549896,1,102.3,31976.9375,93440.34765625
603.9685819149017,1,1438.6,32181.90234375,93440.34765625
604.9810969829559,1,2617.0,32212.24609375,93440.34765625
605.9915726184845,1,2794.0,32567.36328125,93440.34765625
607.0005683898926,1,2072.4,34737.0,93440.34765625
608.0213124752045,1,3080.8,34340.58203125,93440.34765625
609.0377478599548,1,1686.3,34326.95703125,93440.34765625
610.0465648174286,1,2262.3,37704.828125,93440.34765625
611.0648505687714,1,3401.4,40277.28515625,93440.34765625
612.0735712051392,1,2520.2,34764.265625,93440.34765625
613.0920214653015,1,2257.1,34505.8125,93440.34765625
614.1001386642456,1,102.2,39235.00390625,93440.34765625
615.10857462883,1,2854.1,43133.62109375,93440.34765625
616.1275656223297,1,4776.6,42883.40234375,93440.34765625
617.1463422775269,1,1829.4,48309.90234375,93440.34765625
618.1535711288452,1,3110.9,39296.26171875,93440.34765625
619.1725785732269,1,2485.6,36616.3046875,93440.34765625
620.1925778388977,1,2927.5,34499.0078125,93440.34765625
621.2035710811615,1,3734.0,17259.8046875,93440.34765625
622.2235753536224,1,4739.0,16900.09375,93440.34765625
623.243581533432,1,4756.9,16603.00390625,93440.34765625
624.2645819187164,1,4752.0,16373.28515625,93440.34765625
625.2905669212341,1,4264.5,16613.27734375,93440.34765625
626.3027262687683,1,3548.0,16350.671875,93440.34765625
627.3105683326721,1,3425.1,7982.1171875,93440.34765625
628.3256695270538,1,3267.2,9352.26171875,93440.34765625
629.3345673084259,1,2671.7,8308.7421875,93440.34765625
630.3495645523071,1,4462.0,8681.71484375,93440.34765625
631.3645701408386,1,4356.7,7842.51171875,93440.34765625
632.3707430362701,1,1624.0,7708.85546875,93440.34765625
633.3775660991669,1,3757.3,8073.16015625,93440.34765625
634.3945107460022,1,3920.6,1974.921875,93742.42578125
635.4025692939758,1,908.7,4886.4296875,93742.36328125
636.4209520816803,1,4321.0,7945.09375,93742.36328125
637.4295811653137,1,4699.9,7998.9453125,93742.36328125
638.4495587348938,1,4781.0,7954.65234375,93742.36328125
639.4645624160767,1,4780.2,7912.47265625,93742.36328125
640.483562707901,1,4784.0,7902.328125,93742.36328125
641.5025606155396,1,4782.3,7869.76953125,93742.36328125
642.5175657272339,1,4621.4,7795.48046875,93742.36328125
643.5357167720795,1,3417.4,9576.9375,93742.36328125
644.54358959198,1,598.3,13690.93359375,93742.36328125
645.551173210144,1,100.2,13679.54296875,93742.36328125
646.5605683326721,1,686.6,13708.67578125,93742.36328125
647.5695674419403,1,2484.7,13796.25,93742.36328125
648.5825901031494,1,2443.7,14040.2265625,93742.36328125
649.590571641922,1,2598.7,16311.33203125,93742.36328125
650.6085121631622,1,2503.7,14502.04296875,93742.36328125
651.6175727844238,1,4284.7,9982.6484375,93742.36328125
652.6375646591187,1,4773.7,9817.18359375,93742.36328125
653.6585664749146,1,4770.8,9666.4609375,93742.36328125
654.6768374443054,1,4349.0,10326.20703125,93742.36328125
655.6839942932129,1,2792.4,10195.0703125,93742.36328125
656.693568944931,1,3206.1,7864.58984375,93742.36328125
657.7117984294891,1,3894.2,8685.48046875,93742.36328125
658.7215662002563,1,3730.6,7919.796875,93742.36328125
659.7406756877899,1,3043.9,4501.74609375,93742.36328125
660.7565596103668,1,4773.3,4339.09375,93742.36328125
661.771570444107,1,4540.6,3968.69921875,93742.36328125
662.7861108779907,1,2882.8,6496.15625,93742.36328125
663.792891740799,1,101.3,6883.30078125,93742.36328125
664.8005683422089,1,2343.2,7465.78515625,93742.36328125
665.8195707798004,1,2358.2,7583.95703125,93742.36328125
666.8379244804382,1,3929.7,4851.35546875,93742.36328125
667.8596370220184,1,4775.5,4814.1875,93742.36328125
668.8785676956177,1,4361.4,4866.97265625,93742.36328125
669.897054195404,1,3297.2,3989.6171875,93742.36328125
670.9063980579376,1,3748.8,3844.61328125,93742.36328125
671.917573928833,1,3926.9,5285.42578125,93742.36328125
672.9365727901459,1,4638.9,5338.015625,93742.36328125
673.9565634727478,1,4773.9,5252.41015625,93742.36328125
674.9749853610992,1,4773.0,5183.55078125,93742.36328125
675.9915707111359,1,4651.9,4744.3203125,93742.36328125
677.0075669288635,1,2087.6,5558.69921875,93742.36328125
678.0155746936798,1,3913.5,5040.3515625,93742.36328125
679.0351762771606,1,2724.4,6275.8359375,93742.36328125
680.0435693264008,1,2472.5,5897.421875,93742.36328125
681.0515697002411,1,3692.4,5769.1328125,93742.36328125
682.065593957901,1,3979.6,3550.28515625,93742.36328125
683.0755679607391,1,4540.3,3529.56640625,93742.36328125
684.0935728549957,1,2936.0,3311.91796875,93742.36328125
685.1127154827118,1,3378.6,3200.57421875,93742.36328125
686.1215682029724,1,4163.2,2833.2109375,93742.36328125
687.1397182941437,1,4137.0,2781.6328125,93742.36328125
688.1474039554596,1,3446.3,2515.34375,93742.36328125
689.1551737785339,1,3407.2,1030.73828125,92206.26953125
