filename,num_segments,app_proof_cells,app_proof_cols,total_proof_time_ms,total_proof_time_excluding_trace_ms,app_proof_time_ms,app_proof_time_excluding_trace_ms,app_execute_preflight_time_ms,app_execute_metered_time_ms,app_trace_gen_time_ms,leaf_proof_time_ms,leaf_proof_time_excluding_trace_ms,inner_recursion_proof_time_ms,inner_recursion_proof_time_excluding_trace_ms,normal_instruction_ratio,openvm_precompile_ratio,powdr_ratio,powdr_rows
apc000/metrics.json,5,1903632316,3919,283974,276870,255117,248428,1609,415,4632,13443,13190,15414,15252,0.9751362762639716,0.024863723736028444,0.0,0
apc030/metrics.json,4,1603173680,25804,241794,227069,214251,199902,1708,403,12280,14409,14166,13134,13001,0.8801953684768578,0.023781338525966818,0.09602329299717545,1071616
manual/metrics.json,1,129761426,2707,40234,39489,21140,20575,109,49,364,6754,6691,12340,12223,0.7663126636724846,0.2336873363275154,0.0,0

