elapsed_time,nproc,cpu,mem_real,mem_virtual
4.363059997558594e-05,1,0.0,10.359375,3186.00390625
1.0057518482208252,15,29.8,1557.68359375,5774.70703125
2.015291452407837,4,104.2,793.40234375,2475.01953125
3.0232462882995605,6,99.2,1038.6875,3477.12109375
4.031421661376953,3,100.3,628.41796875,2001.7109375
5.03889012336731,3,99.3,729.0546875,2097.7109375
6.046001195907593,3,100.3,853.4921875,2209.7109375
7.053104400634766,4,3.0,394.296875,1954.8203125
8.061237096786499,3,100.2,372.25,1663.59765625
9.069064617156982,3,2.0,321.5390625,1611.984375
10.07582426071167,3,1.0,261.03125,1558.59765625
11.083594799041748,6,7.9,679.26953125,2858.26953125
12.092284202575684,4,123.9,489.26171875,2112.63671875
13.101475238800049,1,39.6,148.640625,942.54296875
14.108839988708496,1,100.3,404.6328125,1902.54296875
15.116561889648438,1,100.2,650.62890625,3188.54296875
16.123779296875,1,99.3,694.375,2676.51171875
17.132370233535767,1,100.1,694.375,2676.51171875
18.141228675842285,1,2271.0,569.16015625,6658.4921875
19.165502309799194,1,4259.7,467.0234375,6680.4921875
20.17823100090027,1,4016.8,639.08984375,6710.4921875
21.20262885093689,1,2542.0,1658.3671875,7266.5234375
22.225217819213867,1,4788.2,1658.3671875,7266.5234375
23.24342679977417,1,4382.9,2170.5703125,7266.5234375
24.260230779647827,1,4384.2,826.60546875,7266.5234375
25.27898097038269,1,963.7,774.93359375,8298.5859375
26.28722834587097,1,1403.6,3055.95703125,9382.5546875
27.329590559005737,1,4736.1,3959.06640625,11174.5546875
28.35789656639099,1,2497.4,11023.36328125,25586.5546875
29.365228176116943,1,4460.6,11107.1875,25586.5546875
30.384237051010132,1,4180.5,12003.2421875,25586.5546875
31.40422511100769,1,4776.9,12003.2421875,25586.5546875
32.42421770095825,1,4780.7,12003.2421875,25586.5546875
33.44288754463196,1,4777.7,12003.2421875,25586.5546875
34.462852478027344,1,4784.5,12003.2421875,25586.5546875
35.48269581794739,1,4783.1,12003.2421875,25586.5546875
36.499229431152344,1,4451.0,12515.25,25586.5546875
37.518229722976685,1,4435.8,11367.2421875,25586.5546875
38.53724122047424,1,4593.1,13000.50390625,29506.5546875
39.55818700790405,1,1475.0,20565.1328125,41666.5546875
40.56596875190735,1,1979.6,20516.734375,62146.5546875
41.5735502243042,1,100.2,27140.734375,62146.5546875
42.58079552650452,1,102.3,33619.32421875,62146.5546875
43.58826565742493,1,103.2,35717.35546875,62146.5546875
44.595566749572754,1,103.2,35455.8203125,62146.5546875
45.602380990982056,1,102.3,35170.83203125,62146.5546875
46.609779834747314,1,104.2,34783.45703125,62146.5546875
47.61758875846863,1,102.2,34460.45703125,62146.5546875
48.62439298629761,1,102.3,34267.71875,62146.5546875
49.63152837753296,1,101.3,34127.0859375,62146.5546875
50.639102935791016,1,99.2,33995.23046875,62146.5546875
51.646334409713745,1,1093.2,34086.3125,62146.5546875
52.65883278846741,1,2570.6,34331.11328125,62146.5546875
53.67323184013367,1,2642.2,34966.7421875,62146.5546875
54.697646379470825,1,1683.8,36912.1953125,62146.5546875
55.72015976905823,1,3384.8,36177.58203125,62146.5546875
56.745675802230835,1,2507.8,35676.1328125,86742.5546875
57.75613594055176,1,1080.8,40026.62109375,86742.5546875
58.78170466423035,1,4582.4,41257.1640625,86742.5546875
59.78929328918457,1,2351.2,38602.36328125,86742.5546875
60.79707670211792,1,2410.6,35772.28515625,86742.5546875
61.80515789985657,1,197.4,40109.0,86742.5546875
62.81323504447937,1,976.2,45569.953125,86742.5546875
63.83322763442993,1,4778.7,45235.3046875,86742.5546875
64.85261249542236,1,3685.2,48554.4375,86762.5546875
65.85993337631226,1,104.2,50226.12890625,86762.5546875
66.86823153495789,1,1654.6,41418.76953125,86762.5546875
67.88958740234375,1,2868.4,42295.015625,86762.5546875
68.89722871780396,1,2673.9,37471.65625,86762.5546875
69.91723966598511,1,2907.7,19735.26171875,86762.5546875
70.93822813034058,1,4776.9,19370.125,86762.5546875
71.95822763442993,1,4767.6,19030.5078125,86762.5546875
72.97922730445862,1,4771.9,18729.0,86762.5546875
74.00262022018433,1,4774.4,18484.33203125,86762.5546875
75.02252960205078,1,3266.0,21369.62109375,86762.5546875
76.0297212600708,1,3070.4,20858.078125,86762.5546875
77.03970503807068,1,2729.1,20145.7421875,86762.5546875
78.04823684692383,1,3599.3,11642.33984375,86762.5546875
79.06698203086853,1,3756.1,11717.1484375,86762.5546875
80.0780463218689,1,3390.5,13079.265625,86762.5546875
81.08923673629761,1,3070.0,11631.3046875,86762.5546875
82.10823082923889,1,4599.7,11582.16796875,86762.5546875
83.12829184532166,1,2853.9,10365.16015625,86762.5546875
84.13522696495056,1,2827.3,10671.203125,86762.5546875
85.14922833442688,1,4098.7,10192.02734375,86762.5546875
86.16784739494324,1,1937.7,3417.03125,86762.5546875
87.19008708000183,1,4727.6,3666.28125,86762.5546875
88.21825742721558,1,2635.6,14236.32421875,86762.5546875
89.24322986602783,1,4201.0,11172.04296875,86762.5546875
90.26223540306091,1,4157.8,12034.32421875,86762.5546875
91.28204011917114,1,4777.9,12032.83984375,86762.5546875
92.3012945652008,1,4754.1,12030.20703125,86762.5546875
93.32122492790222,1,4782.8,12028.66796875,86762.5546875
94.34223008155823,1,4782.7,12028.66796875,86762.5546875
95.36221766471863,1,4782.7,12028.66796875,86762.5546875
96.37822604179382,1,4378.5,12540.671875,86762.5546875
97.3962254524231,1,4437.1,11388.55078125,86762.5546875
98.41524004936218,1,4549.1,12566.37109375,86762.5546875
99.43606042861938,1,2047.2,19368.13671875,87178.5546875
100.44314956665039,1,1966.2,20266.12109375,87178.5546875
101.44973158836365,1,100.3,26872.734375,87178.5546875
102.45771145820618,1,103.2,33403.84375,87178.5546875
103.46573400497437,1,105.2,36284.37890625,87178.5546875
104.47432231903076,1,105.1,35991.671875,87178.5546875
105.48155927658081,1,105.2,35697.61328125,87178.5546875
106.48935580253601,1,104.2,35358.66796875,87178.5546875
107.49608063697815,1,104.3,35062.62109375,87178.5546875
108.50443601608276,1,102.2,34810.29296875,87178.5546875
109.51155185699463,1,100.3,34596.53515625,87178.5546875
110.52148509025574,1,101.0,34329.328125,87178.5546875
111.53074645996094,1,875.9,34146.21875,87178.5546875
112.54073548316956,1,2524.5,34588.2578125,87178.5546875
113.55123019218445,1,2627.7,34934.453125,87178.5546875
114.56322932243347,1,1872.5,36828.07421875,87178.5546875
115.58772397041321,1,3383.9,36269.09375,87178.5546875
116.5962393283844,1,1592.4,36590.79296875,87178.5546875
117.60622787475586,1,2149.8,39995.859375,87178.5546875
118.63077759742737,1,3262.5,42739.26171875,87178.5546875
119.63922929763794,1,2772.0,37087.5625,87178.5546875
120.65826749801636,1,2077.2,36961.875,87178.5546875
121.6654405593872,1,103.3,41721.828125,87178.5546875
122.67423129081726,1,2794.6,45439.17578125,87178.5546875
123.69422340393066,1,4782.7,45194.5625,87178.5546875
124.7133481502533,1,1882.7,49189.9609375,87178.5546875
125.72154474258423,1,105.1,44548.296875,87178.5546875
126.72923469543457,1,3433.9,41243.8671875,87178.5546875
127.74923515319824,1,1964.7,38730.44921875,87178.5546875
128.76922821998596,1,2864.9,36647.58984375,87178.5546875
129.7892348766327,1,3586.0,19574.73046875,87178.5546875
130.8092324733734,1,4777.7,19206.43359375,87178.5546875
131.83122873306274,1,4772.1,18865.3046875,87178.5546875
132.85222792625427,1,4775.8,18589.19140625,87178.5546875
133.87222504615784,1,4776.5,18349.65625,87178.5546875
134.8906261920929,1,2290.7,21008.4140625,87178.5546875
135.9012269973755,1,2550.1,20709.20703125,87178.5546875
136.92019081115723,1,2810.7,20113.10546875,87178.5546875
137.92713141441345,1,4223.4,11655.390625,87178.5546875
138.94723558425903,1,3491.1,11339.0,87178.5546875
139.95423340797424,1,3324.7,13156.984375,87178.5546875
140.97322702407837,1,3374.9,11566.1953125,87178.5546875
141.99222803115845,1,4418.0,11184.390625,87178.5546875
143.01082801818848,1,2458.4,10397.98828125,87178.5546875
144.01822710037231,1,3313.3,10750.26953125,87178.5546875
145.03689217567444,1,3990.7,1852.99609375,87690.5625
146.04205536842346,1,1898.9,3410.12109375,87178.5546875
147.08548665046692,1,4699.4,5152.54296875,87178.5546875
148.09824585914612,1,2126.0,11201.08984375,87178.5546875
149.12634778022766,1,4765.2,11174.41015625,87178.5546875
150.13423490524292,1,4164.5,12049.85546875,87178.5546875
151.15422463417053,1,4782.9,12049.85546875,87178.5546875
152.17421746253967,1,4776.7,12044.5390625,87178.5546875
153.19251251220703,1,4778.3,12044.5390625,87178.5546875
154.21247625350952,1,4779.6,12038.1796875,87178.5546875
155.23443245887756,1,4781.1,12038.1796875,87178.5546875
156.25022721290588,1,4381.7,12552.16796875,87178.5546875
157.268785238266,1,4357.9,11212.14453125,87178.5546875
158.2882378101349,1,4625.6,13295.35546875,87214.5546875
159.30898189544678,1,1421.4,20610.375,87494.5546875
160.31647419929504,1,1964.4,21034.52734375,87494.5546875
161.3247046470642,1,100.2,27676.52734375,87494.5546875
162.33308696746826,1,102.1,34222.390625,87494.5546875
163.34024786949158,1,103.3,36253.08203125,87494.5546875
164.3482620716095,1,104.2,36006.6875,87494.5546875
165.35624647140503,1,104.2,35707.05078125,87494.5546875
166.3636281490326,1,105.2,35355.27734375,87494.5546875
167.37003469467163,1,103.3,35035.4453125,87494.5546875
168.3772897720337,1,103.3,34748.9296875,87494.5546875
169.38411927223206,1,101.3,34540.671875,87494.5546875
170.39082098007202,1,101.3,34332.578125,87494.5546875
171.397447347641,1,946.7,34289.0234375,87494.5546875
172.4082305431366,1,2665.5,34531.00390625,87494.5546875
173.41917276382446,1,2429.4,35032.01953125,87494.5546875
174.4445948600769,1,1730.0,36908.41015625,87494.5546875
175.45763397216797,1,3367.1,36185.05078125,87494.5546875
176.470046043396,1,2777.1,35419.9140625,87494.5546875
177.4812273979187,1,843.7,40019.3671875,87494.5546875
178.50573110580444,1,4751.7,41139.265625,87494.5546875
179.5141417980194,1,2340.9,38543.1328125,87494.5546875
180.5221655368805,1,2284.7,35951.97265625,87494.5546875
181.53134655952454,1,302.2,40141.6953125,87494.5546875
182.53923320770264,1,1163.9,45558.88671875,87494.5546875
183.55922436714172,1,4780.6,45318.64453125,87494.5546875
184.57845759391785,1,3542.9,48689.50390625,87494.5546875
185.58495783805847,1,104.3,50309.96875,87494.5546875
186.59323024749756,1,1724.0,41388.91796875,87494.5546875
187.6125648021698,1,2819.2,41867.44140625,87494.5546875
188.62022852897644,1,2712.5,37433.6640625,87494.5546875
189.6405770778656,1,2892.1,19665.671875,87494.5546875
190.66122770309448,1,4777.4,19321.203125,87494.5546875
191.6812300682068,1,4776.5,18976.9375,87494.5546875
192.70222902297974,1,4768.8,18701.00390625,87494.5546875
193.72322702407837,1,4772.9,18412.34765625,87494.5546875
194.74246859550476,1,3115.7,21423.47265625,87494.5546875
195.7514877319336,1,3106.0,21038.66796875,87494.5546875
196.7592294216156,1,2508.9,20473.3125,87494.5546875
197.77116084098816,1,3427.1,11850.03125,87494.5546875
198.79094290733337,1,4127.6,12068.53515625,87494.5546875
199.79687404632568,1,3254.9,13203.16796875,87494.5546875
200.8062300682068,1,2848.0,11808.9140625,87494.5546875
201.8257040977478,1,4602.4,11694.7109375,87494.5546875
202.844402551651,1,3241.4,10538.53515625,87494.5546875
203.85323095321655,1,2880.6,10822.58984375,87494.5546875
204.86522960662842,1,4055.3,10164.234375,87494.5546875
205.8837387561798,1,1946.8,3513.1328125,87494.5546875
206.926283121109,1,4740.2,3752.26171875,87494.5546875
207.94097089767456,1,2626.8,13289.3203125,87494.5546875
208.9492301940918,1,4221.0,11221.234375,87494.5546875
209.96823477745056,1,4179.4,12070.921875,87494.5546875
210.98822665214539,1,4778.8,12067.62109375,87494.5546875
212.01043224334717,1,4776.9,12066.78125,87494.5546875
213.0306899547577,1,4777.3,12064.75,87494.5546875
214.0508599281311,1,4780.6,12064.75,87494.5546875
215.07079100608826,1,4782.7,12064.75,87494.5546875
216.0907175540924,1,4381.5,12573.64453125,87494.5546875
217.112628698349,1,4439.7,11423.6328125,87494.5546875
218.12823867797852,1,4570.2,12786.4765625,87494.5546875
219.1490294933319,1,1835.6,19743.44921875,87638.5546875
220.15686869621277,1,1974.7,20391.9921875,87638.5546875
221.16497898101807,1,100.2,26971.9921875,87638.5546875
222.17270064353943,1,103.2,33503.91796875,87638.5546875
223.17986059188843,1,103.3,36237.91796875,87638.5546875
224.18734550476074,1,104.2,36026.203125,87638.5546875
225.19522953033447,1,104.2,35727.62109375,87638.5546875
226.20214319229126,1,104.3,35439.83984375,87638.5546875
227.20968222618103,1,103.2,35174.08203125,87638.5546875
228.2170639038086,1,103.2,34891.21875,87638.5546875
229.22370433807373,1,101.3,34662.90625,87638.5546875
230.23040986061096,1,102.3,34421.53125,87638.5546875
231.23695969581604,1,677.6,34215.15234375,87638.5546875
232.24506640434265,1,2595.5,35039.92578125,87638.5546875
233.25446820259094,1,2552.2,36023.375,87638.5546875
234.26436281204224,1,1734.8,36083.453125,87638.5546875
235.27360796928406,1,3306.6,36492.23828125,87638.5546875
236.28189158439636,1,2938.8,35141.09765625,87638.5546875
237.29104685783386,1,264.5,38977.55859375,87638.5546875
238.30022501945496,1,4708.5,39938.80078125,87638.5546875
239.31923604011536,1,2412.9,38415.828125,87638.5546875
240.3413965702057,1,2772.4,36568.18359375,87638.5546875
241.34871649742126,1,774.4,39212.421875,87638.5546875
242.35661625862122,1,104.2,43597.9453125,87638.5546875
243.36422753334045,1,4679.7,45460.0234375,87638.5546875
244.38331174850464,1,4667.5,48246.5859375,87638.5546875
245.3913848400116,1,102.2,50082.07421875,87638.5546875
246.39922904968262,1,642.0,41450.90625,87638.5546875
247.41865801811218,1,3892.0,42421.49609375,87638.5546875
248.42588138580322,1,2352.0,39211.1796875,87638.5546875
249.43451571464539,1,2520.6,19513.88671875,87638.5546875
250.44223380088806,1,4459.2,19397.41015625,87638.5546875
251.46322655677795,1,4776.2,19063.51171875,87638.5546875
252.48540115356445,1,4773.1,18767.2265625,87638.5546875
253.50522565841675,1,4762.6,18470.0859375,87638.5546875
254.5251259803772,1,4063.4,21282.44921875,87638.5546875
255.5326497554779,1,2935.0,21031.515625,87638.5546875
256.53974175453186,1,2076.6,20403.55078125,87638.5546875
257.5482292175293,1,3106.5,11887.015625,87638.5546875
258.56622672080994,1,4178.9,12127.50390625,87638.5546875
259.58481884002686,1,3664.8,13302.6328125,87638.5546875
260.5962233543396,1,2836.5,11378.84375,87638.5546875
261.60645842552185,1,4276.6,11794.83203125,87638.5546875
262.6224422454834,1,3838.2,10585.54296875,87638.5546875
263.63322925567627,1,1817.3,10944.97265625,87638.5546875
264.652224779129,1,4163.0,10248.23046875,87638.5546875
265.67190313339233,1,2897.6,2926.921875,87638.5546875
266.681227684021,1,3785.2,3426.60546875,87638.5546875
267.7258183956146,1,3092.8,9206.6015625,87638.5546875
268.7342269420624,1,3785.6,11256.66015625,87638.5546875
269.7532250881195,1,4171.7,12142.921875,87638.5546875
270.77173471450806,1,4779.8,12080.0,87638.5546875
271.79222655296326,1,4783.8,12076.6328125,87638.5546875
272.81222558021545,1,4780.7,12073.42578125,87638.5546875
273.8310408592224,1,4774.2,12073.42578125,87638.5546875
274.8504343032837,1,4783.3,12067.7578125,87638.5546875
275.86521649360657,1,4783.2,12067.7578125,87638.5546875
276.88123059272766,1,4224.0,11811.76171875,87638.5546875
277.89986062049866,1,4499.8,10554.58984375,87638.5546875
278.92157459259033,1,3783.7,16128.71484375,87874.5546875
279.92924976348877,1,883.1,23048.640625,87874.5546875
280.9440839290619,1,1177.6,24235.66796875,87874.5546875
281.95179653167725,1,102.2,30731.6953125,87874.5546875
282.95894026756287,1,102.3,36348.18359375,87874.5546875
283.9669327735901,1,105.2,36148.0625,87874.5546875
284.9738869667053,1,105.3,35889.98828125,87874.5546875
285.98080229759216,1,103.3,35573.3515625,87874.5546875
286.9888119697571,1,103.2,35244.65625,87874.5546875
287.99651980400085,1,103.2,34962.1328125,87874.5546875
289.00352478027344,1,102.3,34715.26171875,87874.5546875
290.0105085372925,1,101.3,34497.8515625,87874.5546875
291.01736664772034,1,100.3,34287.8046875,87874.5546875
292.02446031570435,1,2035.5,34325.44140625,87874.5546875
293.0307581424713,1,2011.4,35236.68359375,87874.5546875
294.0404477119446,1,3119.1,34408.8671875,87874.5546875
295.05022382736206,1,2559.9,36887.2109375,87874.5546875
296.0688226222992,1,2681.2,35627.62890625,87874.5546875
297.08046197891235,1,1042.7,37944.5234375,87874.5546875
298.08922266960144,1,3626.7,40025.109375,87874.5546875
299.1082308292389,1,2420.0,38453.17578125,87874.5546875
300.1275565624237,1,3027.1,36554.90234375,87874.5546875
301.13867449760437,1,1368.8,38359.89453125,87874.5546875
302.14670634269714,1,103.2,43054.734375,87874.5546875
303.15507888793945,1,3891.8,45458.74609375,87874.5546875
304.1762342453003,1,4774.2,45808.0859375,87874.5546875
305.19568610191345,1,792.5,49629.23828125,87874.5546875
306.20364451408386,1,338.3,43376.11328125,87874.5546875
307.21198749542236,1,4263.6,41481.8046875,87874.5546875
308.2192311286926,1,2051.2,38656.78125,87874.5546875
309.23864459991455,1,2416.9,36354.3203125,87874.5546875
310.2472348213196,1,4052.5,19444.23046875,87874.5546875
311.2682297229767,1,4777.0,19091.7265625,87874.5546875
312.28922724723816,1,4772.8,18775.94140625,87874.5546875
313.3102295398712,1,4776.8,18557.98046875,87874.5546875
314.33020186424255,1,4737.9,20500.3515625,87874.5546875
315.352233171463,1,3016.6,21040.265625,87874.5546875
316.3722333908081,1,2555.9,20659.91796875,87874.5546875
317.3861277103424,1,2441.2,19891.2890625,87922.5546875
318.394225358963,1,4616.6,11731.23046875,87922.5546875
319.4125065803528,1,3189.7,13156.26171875,87922.5546875
320.4324851036072,1,3195.8,11137.3828125,87922.5546875
321.4401128292084,1,3891.8,11426.6015625,87922.5546875
322.4596657752991,1,4381.3,10825.15234375,87922.5546875
323.4730021953583,1,1328.1,10497.74609375,87922.5546875
324.480229139328,1,4374.2,10254.1796875,87922.5546875
325.486576795578,1,4042.7,1918.9609375,88434.5625
326.4950430393219,1,2166.7,3443.12109375,87922.5546875
327.5343687534332,1,4503.6,5515.9296875,87922.5546875
328.54323077201843,1,2307.9,11311.19140625,87922.5546875
329.56140995025635,1,4656.6,11225.71875,87922.5546875
330.5692341327667,1,4261.0,12092.25,87922.5546875
331.58922052383423,1,4783.9,12085.38671875,87922.5546875
332.6080415248871,1,4775.1,12082.05078125,87922.5546875
333.6279559135437,1,4782.7,12082.05078125,87922.5546875
334.6478099822998,1,4781.2,12073.86328125,87922.5546875
335.667605638504,1,4782.2,12073.86328125,87922.5546875
336.6873047351837,1,4376.6,12585.8671875,87922.5546875
337.7052309513092,1,4365.7,11243.8515625,87922.5546875
338.724240064621,1,4590.3,13860.234375,87974.5546875
339.7451572418213,1,977.5,21476.83984375,88006.5546875
340.7528760433197,1,1985.8,21525.328125,88006.5546875
341.7604134082794,1,99.3,28113.328125,88006.5546875
342.7681214809418,1,103.2,34599.02734375,88006.5546875
343.7750244140625,1,103.3,35916.7734375,88006.5546875
344.7838864326477,1,104.1,35627.41015625,88006.5546875
345.79191517829895,1,104.2,35292.55078125,88006.5546875
346.8001399040222,1,103.1,34899.3046875,88006.5546875
347.80704283714294,1,103.3,34624.99609375,88006.5546875
348.81402254104614,1,101.3,34460.09765625,88006.5546875
349.82238960266113,1,100.2,34317.6015625,88006.5546875
350.8285837173462,1,101.4,34111.22265625,88006.5546875
351.83607625961304,1,1176.1,34216.6015625,88006.5546875
352.8452322483063,1,2581.7,34320.140625,88006.5546875
353.86622953414917,1,2669.0,34991.4921875,88006.5546875
354.88523030281067,1,1535.8,36942.2421875,88006.5546875
355.90965270996094,1,3410.7,36287.9921875,88006.5546875
356.93204140663147,1,2536.8,35797.375,88006.5546875
357.9432327747345,1,1094.9,40098.77734375,88006.5546875
358.967675447464,1,4590.3,41331.5,88006.5546875
359.97626280784607,1,2353.8,38686.44140625,88006.5546875
360.98522782325745,1,2420.6,35795.0703125,88006.5546875
361.9925904273987,1,189.6,40359.84765625,88006.5546875
363.00022864341736,1,1266.5,45548.33203125,88006.5546875
364.020222902298,1,4781.6,45349.52734375,88006.5546875
365.0392391681671,1,3393.9,48862.59765625,88006.5546875
366.04688930511475,1,103.2,50616.109375,88006.5546875
367.055233001709,1,1875.5,41567.421875,88006.5546875
368.0746555328369,1,2682.7,40997.59765625,88006.5546875
369.08223152160645,1,2852.7,37486.42578125,88006.5546875
370.1022369861603,1,2940.1,19741.95703125,88006.5546875
371.12213134765625,1,4778.2,19399.796875,88006.5546875
372.1432237625122,1,4771.5,19051.8828125,88006.5546875
373.1642289161682,1,4776.7,18757.48046875,88006.5546875
374.1842269897461,1,4777.4,18460.56640625,88006.5546875
375.20397996902466,1,3552.2,21465.8359375,88006.5546875
376.2117302417755,1,3099.1,20953.83984375,88006.5546875
377.22022891044617,1,2500.0,20205.07421875,88006.5546875
378.2362275123596,1,3436.1,11698.92578125,88006.5546875
379.25499296188354,1,4153.2,12049.125,88006.5546875
380.2608242034912,1,3249.2,13160.33203125,88006.5546875
381.2712287902832,1,2787.7,11828.234375,88006.5546875
382.28971672058105,1,4581.4,11758.140625,88006.5546875
383.3052279949188,1,3312.6,10573.4921875,88006.5546875
384.31222653388977,1,2406.1,10884.37109375,88006.5546875
385.33122754096985,1,4073.6,10309.41015625,88006.5546875
386.35022830963135,1,1900.8,3542.86328125,88006.5546875
387.3952248096466,1,4755.2,3397.19921875,88006.5546875
388.4222660064697,1,2659.4,11794.26171875,88006.5546875
389.45623779296875,1,4211.0,11267.34375,88006.5546875
390.47423124313354,1,4183.7,12148.62109375,88006.5546875
391.4940891265869,1,4783.3,12127.9296875,88006.5546875
392.5140919685364,1,4779.4,12122.86328125,88006.5546875
393.5352258682251,1,4779.2,12122.86328125,88006.5546875
394.5542223453522,1,4781.2,12116.37890625,88006.5546875
395.57322001457214,1,4777.2,12116.37890625,88006.5546875
396.5942268371582,1,4409.2,12628.3828125,88006.5546875
397.6128673553467,1,4438.3,11474.28515625,88006.5546875
398.6262402534485,1,4570.3,12725.65234375,88006.5546875
399.64725708961487,1,2048.9,19472.68359375,88118.5546875
400.6557660102844,1,1983.2,19904.28125,88118.5546875
401.6631591320038,1,99.3,26528.28125,88118.5546875
402.6707785129547,1,103.2,33067.2421875,88118.5546875
403.6789963245392,1,104.1,35988.8046875,88118.5546875
404.6871039867401,1,104.2,35796.28515625,88118.5546875
405.69452023506165,1,105.2,35521.38671875,88118.5546875
406.7015013694763,1,103.3,35236.31640625,88118.5546875
407.70856523513794,1,103.3,34927.68359375,88118.5546875
408.71597719192505,1,103.2,34733.0078125,88118.5546875
409.72352933883667,1,101.2,34531.09375,88118.5546875
410.7322437763214,1,101.1,34301.90234375,88118.5546875
411.74145698547363,1,394.4,34144.55859375,88118.5546875
412.75222969055176,1,2493.1,34791.984375,88118.5546875
413.7767434120178,1,2811.1,35712.4375,88118.5546875
414.78543877601624,1,1729.8,35755.9296875,88118.5546875
415.7949869632721,1,3181.5,38269.4375,88118.5546875
416.8062310218811,1,2790.1,35293.95703125,88118.5546875
417.82896399497986,1,481.0,38816.37890625,88118.5546875
418.8382315635681,1,4467.1,39993.5703125,88118.5546875
419.8632357120514,1,2427.4,38422.546875,88118.5546875
420.88314604759216,1,2783.1,36659.94140625,88118.5546875
421.8927619457245,1,772.7,39236.15625,88118.5546875
422.90122842788696,1,169.6,43795.30078125,88118.5546875
423.91122555732727,1,4757.7,45430.60546875,88118.5546875
424.9304733276367,1,4523.4,48298.2890625,88118.5546875
425.9387557506561,1,103.1,50014.0,88118.5546875
426.9472303390503,1,856.8,41449.7421875,88118.5546875
427.9664640426636,1,3683.8,42692.58203125,88118.5546875
428.9741950035095,1,2356.7,39586.0234375,88118.5546875
429.98204612731934,1,2494.5,19803.765625,88118.5546875
430.9892270565033,1,4716.7,19544.17578125,88118.5546875
432.0102264881134,1,4777.0,19201.18359375,88118.5546875
433.0312259197235,1,4772.7,18875.40625,88118.5546875
434.0522229671478,1,4774.8,18586.953125,88118.5546875
435.07412791252136,1,3927.3,21468.21484375,88118.5546875
436.0812346935272,1,2988.1,21060.14453125,88118.5546875
437.09461879730225,1,2096.1,20530.484375,88118.5546875
438.1022300720215,1,3329.5,11879.06640625,88118.5546875
439.1210663318634,1,4138.0,12077.77734375,88118.5546875
440.1410405635834,1,3573.0,13166.171875,88118.5546875
441.1542315483093,1,2912.1,11299.765625,88118.5546875
442.1693389415741,1,4262.7,11715.859375,88118.5546875
443.18792605400085,1,3863.3,10563.43359375,88118.5546875
444.207457780838,1,1852.8,10778.94140625,88118.5546875
445.22417187690735,1,4154.7,10201.7578125,88118.5546875
446.24381923675537,1,3513.4,2577.0625,88118.5546875
447.2532272338867,1,2671.2,4366.74609375,88118.5546875
448.27222418785095,1,4785.2,4252.22265625,88118.5546875
449.29464745521545,1,4434.5,4716.59375,88118.5546875
450.31441044807434,1,4375.2,3327.8515625,88118.5546875
451.333699464798,1,2276.0,7051.0859375,88118.5546875
452.34081053733826,1,100.3,9663.22265625,88118.5546875
453.3481969833374,1,101.3,9643.29296875,88118.5546875
454.3562285900116,1,1315.5,9962.6953125,88118.5546875
455.3752281665802,1,2108.0,11051.25390625,88118.5546875
456.39433574676514,1,2312.5,11013.44921875,88118.5546875
457.4022309780121,1,2598.8,11622.5390625,88118.5546875
458.42104291915894,1,3266.2,6305.56640625,88118.5546875
459.4418394565582,1,3789.7,6549.74609375,88118.5546875
460.4490313529968,1,2765.6,4755.5546875,88118.5546875
461.4582271575928,1,2939.4,5211.58984375,88118.5546875
462.4742307662964,1,4620.9,5276.6328125,88118.5546875
463.4825406074524,1,2536.1,4130.35546875,88118.5546875
464.4892244338989,1,3056.5,4568.171875,88118.5546875
465.51022720336914,1,4140.0,3752.6171875,88118.5546875
466.5287034511566,1,3276.6,5068.87109375,88408.5703125
467.550076007843,1,4603.7,5168.640625,88408.5703125
468.5699918270111,1,4779.1,5090.3046875,88408.5703125
469.5896303653717,1,4785.1,4997.83984375,88408.5703125
470.609619140625,1,3386.7,5167.4375,88408.5703125
471.61823558807373,1,2526.4,4682.3046875,88408.5703125
472.6382269859314,1,3929.7,5021.30078125,88408.5703125
473.6502387523651,1,3626.3,4761.40625,88408.5703125
474.6612253189087,1,3774.5,4791.0546875,88408.5703125
475.6798059940338,1,3271.4,5088.09765625,88408.5703125
476.7052285671234,1,4586.6,5267.19140625,88408.5703125
477.7251572608948,1,4782.7,5185.34765625,88408.5703125
478.7462203502655,1,4784.5,5154.09375,88408.5703125
479.7647531032562,1,3394.4,5208.04296875,88408.5703125
480.77222967147827,1,2510.5,4730.04296875,88408.5703125
481.794296503067,1,3914.8,5032.48828125,88408.5703125
482.8076846599579,1,3623.6,4771.85546875,88408.5703125
483.8192262649536,1,3721.0,4818.08984375,88408.5703125
484.8377902507782,1,3884.9,5189.921875,88408.5703125
485.85739302635193,1,4779.4,5072.015625,88408.5703125
486.8761897087097,1,4784.0,4980.41796875,88408.5703125
487.8974697589874,1,4779.3,4933.68359375,88408.5703125
488.91758942604065,1,3410.0,5306.234375,88408.5703125
489.92523431777954,1,2557.6,4820.1171875,88408.5703125
490.9451777935028,1,3367.5,6188.44140625,88408.5703125
491.9535002708435,1,2917.8,5960.265625,88408.5703125
492.96096420288086,1,3116.1,5838.9296875,88408.5703125
493.9808213710785,1,3909.5,5536.12109375,88408.5703125
494.9902341365814,1,4270.5,3290.8828125,88408.5703125
496.0102481842041,1,3248.3,3324.37890625,88408.5703125
497.0182275772095,1,3544.6,2799.3359375,88408.5703125
498.03722763061523,1,3821.5,2432.20703125,88408.5703125
499.0478410720825,1,4234.5,2471.4296875,88408.5703125
500.05611634254456,1,3375.5,2210.125,88408.5703125
501.061598777771,1,3935.9,1842.890625,88408.5703125
